8.803999999999999604e-01
8.684000000000000608e-01
8.593999999999999417e-01
8.466000000000000192e-01
8.245999999999999996e-01
8.052000000000000268e-01
7.920000000000000373e-01
7.798000000000000487e-01
7.685999999999999499e-01
7.598000000000000309e-01
7.508000000000000229e-01
7.438000000000000167e-01
7.376000000000000334e-01
7.301999999999999602e-01
7.241999999999999549e-01
7.196000000000000174e-01
7.112000000000000544e-01
7.077999999999999847e-01
7.024000000000000243e-01
6.965999999999999970e-01
6.895999999999999908e-01
6.825999999999999845e-01
6.764000000000000012e-01
6.686000000000000831e-01
6.592000000000000082e-01
6.502000000000000002e-01
6.435999999999999499e-01
6.384000000000000785e-01
6.291999999999999815e-01
6.211999999999999744e-01
6.139999999999999902e-01
6.064000000000000501e-01
5.991999999999999549e-01
5.942000000000000615e-01
5.847999999999999865e-01
5.766000000000000014e-01
5.687999999999999723e-01
5.640000000000000568e-01
5.562000000000000277e-01
5.507999999999999563e-01
5.447999999999999510e-01
5.385999999999999677e-01
5.327999999999999403e-01
5.247999999999999332e-01
5.180000000000000160e-01
5.094000000000000750e-01
5.030000000000000027e-01
4.966000000000000414e-01
4.879999999999999893e-01
4.808000000000000052e-01
4.744000000000000439e-01
4.674000000000000377e-01
4.609999999999999654e-01
4.542000000000000481e-01
4.465999999999999970e-01
4.392000000000000348e-01
4.330000000000000515e-01
4.255999999999999783e-01
4.227999999999999536e-01
4.147999999999999465e-01
4.092000000000000082e-01
4.030000000000000249e-01
3.991999999999999993e-01
3.950000000000000178e-01
3.893999999999999684e-01
3.861999999999999877e-01
3.836000000000000520e-01
3.798000000000000265e-01
3.750000000000000000e-01
3.723999999999999533e-01
3.693999999999999506e-01
3.669999999999999929e-01
3.651999999999999691e-01
3.621999999999999664e-01
3.591999999999999638e-01
3.559999999999999831e-01
3.534000000000000474e-01
3.518000000000000016e-01
3.499999999999999778e-01
3.484000000000000430e-01
3.456000000000000183e-01
3.436000000000000165e-01
3.419999999999999707e-01
3.397999999999999909e-01
3.369999999999999662e-01
3.347999999999999865e-01
3.342000000000000526e-01
3.309999999999999609e-01
3.297999999999999821e-01
3.282000000000000473e-01
3.269999999999999574e-01
3.264000000000000234e-01
3.249999999999999556e-01
3.234000000000000208e-01
3.227999999999999758e-01
3.215999999999999970e-01
3.204000000000000181e-01
3.197999999999999732e-01
3.187999999999999723e-01
3.165999999999999925e-01
3.157999999999999696e-01
3.145999999999999908e-01
3.127999999999999670e-01
3.112000000000000322e-01
3.085999999999999854e-01
3.067999999999999616e-01
3.060000000000000497e-01
3.054000000000000048e-01
3.034000000000000030e-01
3.027999999999999581e-01
3.020000000000000462e-01
3.010000000000000453e-01
3.005999999999999783e-01
2.995999999999999774e-01
2.977999999999999536e-01
2.970000000000000417e-01
2.955999999999999739e-01
2.950000000000000400e-01
2.940000000000000391e-01
2.930000000000000382e-01
2.922000000000000153e-01
2.917999999999999483e-01
2.903999999999999915e-01
2.895999999999999686e-01
2.887999999999999456e-01
2.883999999999999897e-01
2.873999999999999888e-01
2.872000000000000108e-01
2.868000000000000549e-01
2.855999999999999650e-01
2.853999999999999870e-01
2.842000000000000082e-01
2.835999999999999632e-01
2.825999999999999623e-01
2.818000000000000504e-01
2.810000000000000275e-01
2.800000000000000266e-01
2.793999999999999817e-01
2.785999999999999588e-01
2.773999999999999799e-01
2.770000000000000240e-01
2.760000000000000231e-01
2.755999999999999561e-01
2.748000000000000442e-01
2.735999999999999543e-01
2.731999999999999984e-01
2.723999999999999755e-01
2.723999999999999755e-01
2.713999999999999746e-01
2.708000000000000407e-01
2.703999999999999737e-01
2.695999999999999508e-01
2.688000000000000389e-01
2.681999999999999940e-01
2.675999999999999490e-01
2.671999999999999931e-01
2.661999999999999922e-01
2.660000000000000142e-01
2.655999999999999472e-01
2.655999999999999472e-01
2.641999999999999904e-01
2.630000000000000115e-01
2.620000000000000107e-01
2.610000000000000098e-01
2.598000000000000309e-01
2.596000000000000529e-01
2.588000000000000300e-01
2.576000000000000512e-01
2.568000000000000282e-01
2.560000000000000053e-01
2.558000000000000274e-01
2.553999999999999604e-01
2.553999999999999604e-01
2.553999999999999604e-01
2.550000000000000044e-01
2.546000000000000485e-01
2.540000000000000036e-01
2.536000000000000476e-01
2.528000000000000247e-01
2.520000000000000018e-01
2.513999999999999568e-01
2.508000000000000229e-01
2.501999999999999780e-01
2.493999999999999551e-01
2.491999999999999771e-01
2.481999999999999762e-01
2.478000000000000203e-01
2.469999999999999973e-01
2.463999999999999524e-01
2.468000000000000194e-01
2.451999999999999735e-01
2.451999999999999735e-01
2.429999999999999938e-01
2.426000000000000378e-01
2.411999999999999700e-01
2.413999999999999480e-01
2.388000000000000123e-01
2.401999999999999691e-01
2.379999999999999893e-01
2.393999999999999462e-01
2.369999999999999885e-01
2.383999999999999453e-01
2.356000000000000316e-01
2.386000000000000343e-01
2.341999999999999638e-01
2.389999999999999902e-01
2.334000000000000519e-01
2.398000000000000131e-01
2.331999999999999629e-01
2.436000000000000387e-01
2.396000000000000352e-01
2.521999999999999797e-01
2.441999999999999726e-01
2.576000000000000512e-01
2.456000000000000405e-01
2.583999999999999631e-01
2.449999999999999956e-01
2.558000000000000274e-01
2.406000000000000361e-01
2.521999999999999797e-01
2.381999999999999673e-01
2.486000000000000432e-01
2.346000000000000307e-01
2.451999999999999735e-01
2.336000000000000298e-01
2.426000000000000378e-01
2.304000000000000492e-01
2.389999999999999902e-01
2.294000000000000483e-01
2.376000000000000334e-01
2.289999999999999813e-01
2.368000000000000105e-01
2.269999999999999796e-01
2.359999999999999876e-01
2.261999999999999567e-01
2.336000000000000298e-01
2.251999999999999558e-01
2.326000000000000290e-01
2.241999999999999549e-01
2.311999999999999611e-01
2.227999999999999980e-01
2.306000000000000272e-01
2.221999999999999531e-01
2.306000000000000272e-01
2.204000000000000403e-01
2.291999999999999593e-01
2.186000000000000165e-01
2.288000000000000034e-01
2.179999999999999716e-01
2.274000000000000465e-01
2.171999999999999487e-01
2.266000000000000236e-01
2.161999999999999478e-01
2.261999999999999567e-01
2.154000000000000359e-01
2.259999999999999787e-01
2.149999999999999689e-01
2.256000000000000227e-01
2.139999999999999680e-01
2.249999999999999778e-01
2.131999999999999451e-01
2.234000000000000430e-01
2.122000000000000552e-01
2.231999999999999540e-01
2.117999999999999883e-01
2.229999999999999760e-01
2.107999999999999874e-01
2.219999999999999751e-01
2.094000000000000306e-01
2.211999999999999522e-01
2.089999999999999636e-01
2.206000000000000183e-01
2.089999999999999636e-01
2.197999999999999954e-01
2.089999999999999636e-01
2.189999999999999725e-01
2.087999999999999856e-01
2.186000000000000165e-01
2.084000000000000297e-01
2.186000000000000165e-01
2.079999999999999627e-01
2.174000000000000377e-01
2.074000000000000288e-01
2.167999999999999927e-01
2.066000000000000059e-01
2.161999999999999478e-01
2.067999999999999838e-01
2.154000000000000359e-01
2.062000000000000499e-01
2.141999999999999460e-01
2.059999999999999609e-01
2.136000000000000121e-01
2.052000000000000490e-01
2.129999999999999671e-01
2.047999999999999821e-01
2.119999999999999662e-01
2.044000000000000261e-01
2.117999999999999883e-01
2.039999999999999591e-01
2.117999999999999883e-01
2.027999999999999803e-01
2.104000000000000314e-01
2.024000000000000243e-01
2.097999999999999865e-01
2.016000000000000014e-01
2.089999999999999636e-01
2.014000000000000234e-01
2.086000000000000076e-01
2.012000000000000455e-01
2.072000000000000508e-01
2.007999999999999785e-01
2.072000000000000508e-01
1.997999999999999776e-01
2.059999999999999609e-01
1.994000000000000217e-01
2.054000000000000270e-01
1.994000000000000217e-01
2.054000000000000270e-01
1.985999999999999988e-01
2.054000000000000270e-01
1.977999999999999758e-01
2.049999999999999600e-01
1.974000000000000199e-01
2.042000000000000481e-01
1.965999999999999970e-01
2.034000000000000252e-01
1.964000000000000190e-01
2.036000000000000032e-01
1.962000000000000410e-01
2.026000000000000023e-01
1.955999999999999961e-01
2.017999999999999794e-01
1.947999999999999732e-01
2.016000000000000014e-01
1.942000000000000393e-01
2.006000000000000005e-01
1.935999999999999943e-01
1.999999999999999556e-01
1.925999999999999934e-01
1.992000000000000437e-01
1.924000000000000155e-01
1.985999999999999988e-01
1.914000000000000146e-01
1.985999999999999988e-01
1.907999999999999696e-01
1.984000000000000208e-01
1.902000000000000357e-01
1.977999999999999758e-01
1.892000000000000348e-01
1.974000000000000199e-01
1.875999999999999890e-01
1.972000000000000419e-01
1.872000000000000330e-01
1.969999999999999529e-01
1.864000000000000101e-01
1.965999999999999970e-01
1.850000000000000533e-01
1.959999999999999520e-01
1.850000000000000533e-01
1.947999999999999732e-01
1.847999999999999643e-01
1.944000000000000172e-01
1.842000000000000304e-01
1.929999999999999494e-01
1.837999999999999634e-01
1.924000000000000155e-01
1.834000000000000075e-01
1.922000000000000375e-01
1.825999999999999845e-01
1.914000000000000146e-01
1.817999999999999616e-01
1.909999999999999476e-01
1.815999999999999837e-01
1.904000000000000137e-01
1.814000000000000057e-01
1.897999999999999687e-01
1.807999999999999607e-01
1.887999999999999678e-01
1.805999999999999828e-01
1.884000000000000119e-01
1.794000000000000039e-01
1.879999999999999449e-01
1.785999999999999810e-01
1.877999999999999670e-01
1.784000000000000030e-01
1.862000000000000322e-01
1.777999999999999581e-01
1.860000000000000542e-01
1.767999999999999572e-01
1.854000000000000092e-01
1.765999999999999792e-01
1.847999999999999643e-01
1.765999999999999792e-01
1.840000000000000524e-01
1.757999999999999563e-01
1.840000000000000524e-01
1.755999999999999783e-01
1.832000000000000295e-01
1.742000000000000215e-01
1.825999999999999845e-01
1.737999999999999545e-01
1.817999999999999616e-01
1.733999999999999986e-01
1.815999999999999837e-01
1.727999999999999536e-01
1.814000000000000057e-01
1.723999999999999977e-01
1.807999999999999607e-01
1.717999999999999527e-01
1.804000000000000048e-01
1.717999999999999527e-01
1.795999999999999819e-01
1.715999999999999748e-01
1.794000000000000039e-01
1.713999999999999968e-01
1.782000000000000250e-01
1.707999999999999519e-01
1.774000000000000021e-01
1.703999999999999959e-01
1.772000000000000242e-01
1.697999999999999510e-01
1.770000000000000462e-01
1.693999999999999950e-01
1.770000000000000462e-01
1.687999999999999501e-01
1.767999999999999572e-01
1.683999999999999941e-01
1.765999999999999792e-01
1.680000000000000382e-01
1.757999999999999563e-01
1.677999999999999492e-01
1.752000000000000224e-01
1.667999999999999483e-01
1.747999999999999554e-01
1.667999999999999483e-01
1.745999999999999774e-01
1.662000000000000144e-01
1.742000000000000215e-01
1.655999999999999694e-01
1.730000000000000426e-01
1.655999999999999694e-01
1.730000000000000426e-01
1.653999999999999915e-01
1.725999999999999757e-01
1.650000000000000355e-01
1.715999999999999748e-01
1.645999999999999686e-01
1.705999999999999739e-01
1.637999999999999456e-01
1.697999999999999510e-01
1.635999999999999677e-01
1.693999999999999950e-01
1.632000000000000117e-01
1.690000000000000391e-01
1.623999999999999888e-01
1.683999999999999941e-01
1.620000000000000329e-01
1.677999999999999492e-01
1.612000000000000099e-01
1.672000000000000153e-01
1.612000000000000099e-01
1.672000000000000153e-01
1.608000000000000540e-01
1.663999999999999924e-01
1.602000000000000091e-01
1.662000000000000144e-01
1.600000000000000311e-01
1.657999999999999474e-01
1.598000000000000531e-01
1.657999999999999474e-01
1.598000000000000531e-01
1.650000000000000355e-01
1.593999999999999861e-01
1.647999999999999465e-01
1.592000000000000082e-01
1.645999999999999686e-01
1.583999999999999853e-01
1.647999999999999465e-01
1.583999999999999853e-01
1.647999999999999465e-01
1.578000000000000513e-01
1.645999999999999686e-01
1.565999999999999615e-01
1.640000000000000346e-01
1.562000000000000055e-01
1.632000000000000117e-01
1.560000000000000275e-01
1.627999999999999448e-01
1.553999999999999826e-01
1.623999999999999888e-01
1.550000000000000266e-01
1.622000000000000108e-01
1.535999999999999588e-01
1.623999999999999888e-01
1.530000000000000249e-01
1.615999999999999659e-01
1.522000000000000020e-01
1.610000000000000320e-01
1.522000000000000020e-01
1.602000000000000091e-01
