-2.696132986792879604e-01 6.831484254490144403e-01 -1.803800511824632524e-01 -1.763056862535707925e-01 -2.740753931000775578e-01 1.459005543037573682e-01 4.707602363502296772e-01 2.377708777671268259e-01 -2.709260349208989505e-01 -3.339603634357360407e-01
3.536251363777611623e-01 2.147981184200184468e-02 1.133064530380205742e-01 2.595974072171027824e-01 5.858067869065946009e-01 -4.279042270465837627e-01 -1.575059101660423455e-01 1.284028995605065171e-01 -3.580183644563755818e-02 -6.048144135896365431e-02
-1.064993170793430421e-01 2.386013291538948144e-01 7.847541707613692880e-03 4.351193633260828086e-01 -1.747559152802014848e-01 9.980640913105691403e-02 -6.740437375687274857e-02 4.814824797237196585e-01 4.899538363501061700e-02 -3.039344699947316708e-01
-2.564142568042760972e-01 -3.899226807309537080e-01 8.778561556501404683e-02 4.268048879297570153e-01 -3.103797252911617566e-01 -5.597179212891292277e-01 4.284006815493511811e-01 -2.173309534314386005e-01 1.154634628230340448e-03 -2.022646455942099519e-01
8.972219988498215948e-02 3.745694232819804514e-01 9.636784241873157242e-02 -5.128512857178479933e-01 2.409167529848846578e-01 -6.732226296457197168e-02 -1.105989970663421307e-01 1.645957603365516275e-01 6.118499976776669014e-01 2.272778286030666464e-02
1.141083634400964497e-01 1.140579444247843549e-01 1.470865457200356274e-01 -4.545061167968054983e-02 -1.562995793778814146e-01 -2.947846766202544266e-01 5.334592378745428576e-01 1.975905763360726042e-02 4.567760516595833348e-02 -1.428316351322427014e-01
5.267970994032122878e-01 3.864636721297708410e-01 -2.784765813788884214e-01 -1.172411441104314334e-01 2.407888179769683556e-01 2.306151158076084340e-01 -6.009354788389306701e-02 -1.025807392604146800e-01 1.530162012473789968e-01 -5.033018025539289786e-01
-3.622304838168903252e-01 1.075994725715584965e-01 -3.511550771141236926e-01 -1.610540924200813684e-02 -1.560015957770271022e-01 -1.317702049497772032e-01 -3.205441593236548620e-02 -2.391473364817948977e-01 -2.382099828576637324e-01 4.618353683335162385e-01
-2.981031608924833431e-02 -4.377251024902906185e-01 -1.719029661430239164e-01 2.402420125876248147e-01 -2.212957649878664335e-01 -8.867968666660829002e-02 2.641912927984770287e-01 -3.793742296687357962e-01 1.025814504865884547e-01 1.767149183659244213e-02
-1.069966537189960959e-01 -5.524595539619278628e-02 3.243949423455079195e-01 -2.325386889698010939e-01 -1.647423782071598952e-01 -8.917633358283179323e-02 5.287138106108407905e-03 1.668051959956858288e-01 2.270236729006290255e-01 2.978582135233022177e-01
