4.699999999999999734e-01
4.815999999999999726e-01
4.460000000000000075e-01
3.675999999999999823e-01
4.069999999999999729e-01
3.930000000000000160e-01
4.179999999999999827e-01
3.760000000000000009e-01
3.310000000000000164e-01
3.430000000000000271e-01
3.135999999999999899e-01
4.128000000000000003e-01
4.329999999999999960e-01
3.924000000000000266e-01
3.227999999999999758e-01
4.186000000000000276e-01
3.034000000000000030e-01
3.956000000000000072e-01
3.860000000000000098e-01
4.636000000000000121e-01
3.808000000000000274e-01
4.361999999999999766e-01
3.795999999999999930e-01
4.245999999999999774e-01
4.388000000000000234e-01
4.013999999999999790e-01
3.256000000000000005e-01
4.146000000000000241e-01
3.022000000000000242e-01
4.027999999999999914e-01
5.141999999999999904e-01
3.568000000000000060e-01
4.037999999999999923e-01
3.201999999999999846e-01
5.233999999999999764e-01
4.106000000000000205e-01
3.760000000000000009e-01
2.982000000000000206e-01
3.503999999999999893e-01
3.894000000000000239e-01
3.669999999999999929e-01
2.945999999999999730e-01
3.980000000000000204e-01
3.098000000000000198e-01
3.884000000000000230e-01
3.119999999999999996e-01
3.672000000000000264e-01
3.598000000000000087e-01
2.902000000000000135e-01
3.831999999999999851e-01
2.975999999999999757e-01
3.430000000000000271e-01
3.141999999999999793e-01
3.185999999999999943e-01
3.538000000000000034e-01
2.787999999999999923e-01
4.371999999999999775e-01
3.794000000000000150e-01
3.075999999999999845e-01
4.994000000000000106e-01
3.055999999999999828e-01
3.682000000000000273e-01
3.453999999999999848e-01
4.205999999999999739e-01
2.992000000000000215e-01
3.751999999999999780e-01
4.046000000000000152e-01
3.662000000000000255e-01
4.030000000000000249e-01
3.327999999999999847e-01
3.370000000000000218e-01
3.937999999999999834e-01
3.695999999999999841e-01
4.119999999999999774e-01
3.538000000000000034e-01
3.523999999999999910e-01
4.828000000000000069e-01
3.181999999999999829e-01
3.264000000000000234e-01
3.854000000000000203e-01
3.543999999999999928e-01
3.118000000000000216e-01
2.727999999999999869e-01
4.909999999999999920e-01
3.333999999999999742e-01
3.028000000000000136e-01
3.688000000000000167e-01
4.275999999999999801e-01
3.970000000000000195e-01
3.131999999999999784e-01
3.578000000000000069e-01
3.380000000000000226e-01
3.144000000000000128e-01
3.281999999999999917e-01
4.248000000000000109e-01
3.516000000000000236e-01
3.845999999999999974e-01
3.128000000000000225e-01
3.015999999999999792e-01
4.026000000000000134e-01
4.103999999999999870e-01
2.889999999999999791e-01
3.845999999999999974e-01
3.307999999999999829e-01
4.716000000000000192e-01
3.728000000000000203e-01
2.869999999999999774e-01
2.710000000000000187e-01
3.516000000000000236e-01
3.420000000000000262e-01
3.795999999999999930e-01
4.689999999999999725e-01
3.171999999999999820e-01
2.703999999999999737e-01
2.883999999999999897e-01
3.267999999999999794e-01
3.569999999999999840e-01
3.748000000000000220e-01
3.245999999999999996e-01
2.933999999999999941e-01
3.778000000000000247e-01
2.823999999999999844e-01
3.437999999999999945e-01
4.531999999999999917e-01
3.583999999999999964e-01
2.898000000000000020e-01
3.276000000000000023e-01
3.961999999999999966e-01
3.876000000000000001e-01
3.472000000000000086e-01
3.513999999999999901e-01
3.489999999999999769e-01
3.522000000000000131e-01
3.509999999999999787e-01
3.957999999999999852e-01
3.997999999999999887e-01
4.437999999999999723e-01
3.231999999999999873e-01
2.849999999999999756e-01
3.897999999999999798e-01
3.029999999999999916e-01
3.917999999999999816e-01
3.639999999999999902e-01
5.131999999999999895e-01
3.012000000000000233e-01
3.034000000000000030e-01
3.158000000000000251e-01
3.205999999999999961e-01
4.020000000000000240e-01
3.748000000000000220e-01
4.839999999999999858e-01
3.595999999999999752e-01
3.628000000000000114e-01
3.788000000000000256e-01
3.363999999999999768e-01
4.050000000000000266e-01
2.846000000000000196e-01
4.640000000000000235e-01
4.922000000000000264e-01
3.059999999999999942e-01
3.867999999999999772e-01
3.155999999999999917e-01
4.179999999999999827e-01
3.804000000000000159e-01
3.032000000000000250e-01
3.518000000000000016e-01
3.135999999999999899e-01
3.134000000000000119e-01
3.210000000000000075e-01
3.367999999999999883e-01
3.457999999999999963e-01
4.274000000000000021e-01
3.437999999999999945e-01
3.125999999999999890e-01
4.195999999999999730e-01
4.524000000000000243e-01
3.241999999999999882e-01
3.081999999999999740e-01
2.988000000000000100e-01
3.131999999999999784e-01
5.051999999999999824e-01
3.099999999999999978e-01
4.516000000000000014e-01
3.844000000000000195e-01
3.170000000000000040e-01
2.872000000000000108e-01
3.150000000000000022e-01
3.145999999999999908e-01
3.549999999999999822e-01
3.321999999999999953e-01
3.376000000000000112e-01
3.781999999999999806e-01
3.497999999999999998e-01
3.181999999999999829e-01
2.706000000000000072e-01
3.552000000000000157e-01
3.079999999999999960e-01
3.874000000000000221e-01
3.479999999999999760e-01
3.598000000000000087e-01
3.225999999999999979e-01
3.254000000000000226e-01
3.141999999999999793e-01
3.257999999999999785e-01
4.106000000000000205e-01
3.493999999999999884e-01
3.760000000000000009e-01
5.270000000000000240e-01
3.251999999999999891e-01
3.748000000000000220e-01
2.544000000000000150e-01
3.187999999999999723e-01
3.420000000000000262e-01
2.869999999999999774e-01
3.801999999999999824e-01
3.655999999999999805e-01
3.583999999999999964e-01
4.652000000000000024e-01
3.718000000000000194e-01
6.804000000000000048e-01
4.324000000000000066e-01
3.244000000000000217e-01
3.191999999999999837e-01
4.102000000000000091e-01
3.901999999999999913e-01
2.939999999999999836e-01
5.260000000000000231e-01
4.697999999999999954e-01
3.901999999999999913e-01
2.733999999999999764e-01
3.178000000000000269e-01
4.012000000000000011e-01
4.395999999999999908e-01
3.870000000000000107e-01
3.897999999999999798e-01
5.368000000000000549e-01
3.140000000000000013e-01
3.025999999999999801e-01
4.037999999999999923e-01
3.937999999999999834e-01
2.752000000000000002e-01
2.892000000000000126e-01
3.810000000000000053e-01
4.013999999999999790e-01
3.025999999999999801e-01
3.094000000000000083e-01
4.139999999999999791e-01
2.856000000000000205e-01
4.501999999999999891e-01
4.279999999999999916e-01
4.444000000000000172e-01
3.644000000000000017e-01
2.812000000000000055e-01
3.296000000000000041e-01
3.221999999999999864e-01
3.499999999999999778e-01
4.802000000000000157e-01
4.405999999999999917e-01
3.108000000000000207e-01
3.155999999999999917e-01
3.940000000000000169e-01
3.307999999999999829e-01
3.820000000000000062e-01
4.143999999999999906e-01
3.744000000000000106e-01
4.249999999999999889e-01
3.758000000000000229e-01
3.237999999999999767e-01
4.527999999999999803e-01
3.104000000000000092e-01
3.304000000000000270e-01
3.588000000000000078e-01
3.795999999999999930e-01
3.459999999999999742e-01
3.810000000000000053e-01
3.094000000000000083e-01
3.363999999999999768e-01
3.363999999999999768e-01
3.755999999999999894e-01
2.857999999999999985e-01
3.347999999999999865e-01
3.071999999999999731e-01
3.038000000000000145e-01
2.896000000000000241e-01
3.382000000000000006e-01
3.071999999999999731e-01
3.382000000000000006e-01
2.611999999999999877e-01
2.687999999999999834e-01
4.520000000000000129e-01
3.496000000000000218e-01
3.370000000000000218e-01
3.588000000000000078e-01
3.562000000000000166e-01
3.165999999999999925e-01
3.317999999999999838e-01
2.762000000000000011e-01
2.993999999999999995e-01
4.490000000000000102e-01
3.221999999999999864e-01
2.786000000000000143e-01
3.287999999999999812e-01
3.731999999999999762e-01
2.857999999999999985e-01
2.654000000000000248e-01
3.592000000000000193e-01
3.538000000000000034e-01
3.140000000000000013e-01
3.479999999999999760e-01
3.433999999999999830e-01
5.218000000000000416e-01
3.055999999999999828e-01
3.220000000000000084e-01
3.376000000000000112e-01
2.777999999999999914e-01
3.754000000000000115e-01
3.618000000000000105e-01
3.678000000000000158e-01
3.462000000000000077e-01
3.857999999999999763e-01
2.893999999999999906e-01
3.682000000000000273e-01
4.218000000000000083e-01
3.598000000000000087e-01
3.256000000000000005e-01
4.945999999999999841e-01
3.367999999999999883e-01
3.343999999999999750e-01
3.141999999999999793e-01
4.475999999999999979e-01
3.825999999999999956e-01
3.477999999999999980e-01
3.835999999999999965e-01
3.323999999999999733e-01
3.648000000000000131e-01
4.007999999999999896e-01
3.386000000000000121e-01
3.582000000000000184e-01
2.943999999999999950e-01
3.194000000000000172e-01
3.039999999999999925e-01
5.383999999999999897e-01
4.334000000000000075e-01
3.459999999999999742e-01
3.154000000000000137e-01
4.213999999999999968e-01
2.690000000000000169e-01
2.827999999999999958e-01
3.064000000000000057e-01
2.654000000000000248e-01
3.138000000000000234e-01
3.370000000000000218e-01
3.931999999999999940e-01
5.542000000000000259e-01
3.403999999999999804e-01
3.548000000000000043e-01
2.995999999999999774e-01
3.333999999999999742e-01
3.529999999999999805e-01
3.741999999999999771e-01
2.982000000000000206e-01
5.544000000000000039e-01
4.697999999999999954e-01
3.894000000000000239e-01
4.162000000000000144e-01
3.267999999999999794e-01
4.660000000000000253e-01
4.003999999999999782e-01
2.772000000000000020e-01
3.244000000000000217e-01
3.785999999999999921e-01
3.290000000000000147e-01
3.095999999999999863e-01
4.484000000000000208e-01
3.244000000000000217e-01
4.218000000000000083e-01
3.506000000000000227e-01
3.725999999999999868e-01
3.887999999999999790e-01
3.689999999999999947e-01
3.549999999999999822e-01
3.652000000000000246e-01
3.015999999999999792e-01
2.710000000000000187e-01
3.270000000000000129e-01
3.306000000000000050e-01
3.135999999999999899e-01
3.665999999999999814e-01
2.867999999999999994e-01
3.861999999999999877e-01
3.109999999999999987e-01
3.837999999999999745e-01
2.762000000000000011e-01
3.029999999999999916e-01
3.055999999999999828e-01
3.665999999999999814e-01
2.889999999999999791e-01
4.613999999999999768e-01
3.430000000000000271e-01
3.957999999999999852e-01
3.089999999999999969e-01
2.723999999999999755e-01
3.168000000000000260e-01
3.870000000000000107e-01
2.968000000000000083e-01
2.767999999999999905e-01
3.672000000000000264e-01
4.329999999999999960e-01
3.880000000000000115e-01
3.638000000000000123e-01
3.957999999999999852e-01
3.820000000000000062e-01
3.499999999999999778e-01
3.028000000000000136e-01
4.198000000000000065e-01
3.453999999999999848e-01
3.277999999999999803e-01
3.008000000000000118e-01
2.686000000000000054e-01
2.661999999999999922e-01
3.711999999999999744e-01
2.584000000000000186e-01
3.014000000000000012e-01
2.707999999999999852e-01
3.794000000000000150e-01
2.670000000000000151e-01
3.085999999999999854e-01
3.844000000000000195e-01
2.783999999999999808e-01
3.108000000000000207e-01
2.989999999999999880e-01
3.363999999999999768e-01
3.227999999999999758e-01
2.836000000000000187e-01
3.227999999999999758e-01
2.656000000000000028e-01
4.255999999999999783e-01
3.526000000000000245e-01
3.214000000000000190e-01
3.235999999999999988e-01
4.186000000000000276e-01
3.382000000000000006e-01
5.180000000000000160e-01
3.180000000000000049e-01
2.892000000000000126e-01
3.453999999999999848e-01
3.993999999999999773e-01
3.311999999999999944e-01
4.676000000000000156e-01
3.528000000000000025e-01
3.360000000000000209e-01
4.026000000000000134e-01
3.039999999999999925e-01
3.492000000000000104e-01
3.277999999999999803e-01
3.284000000000000252e-01
5.540000000000000480e-01
2.908000000000000029e-01
4.465999999999999970e-01
3.294000000000000261e-01
3.602000000000000202e-01
3.487999999999999989e-01
3.532000000000000139e-01
3.009999999999999898e-01
2.933999999999999941e-01
4.381999999999999784e-01
3.052000000000000268e-01
3.244000000000000217e-01
3.970000000000000195e-01
4.186000000000000276e-01
3.109999999999999987e-01
3.276000000000000023e-01
3.971999999999999975e-01
3.546000000000000263e-01
4.501999999999999891e-01
3.075999999999999845e-01
4.798000000000000043e-01
2.696000000000000063e-01
3.254000000000000226e-01
4.057999999999999940e-01
3.138000000000000234e-01
2.684000000000000274e-01
5.959999999999999742e-01
2.792000000000000037e-01
2.933999999999999941e-01
3.497999999999999998e-01
3.151999999999999802e-01
3.085999999999999854e-01
2.757999999999999896e-01
3.340000000000000191e-01
2.737999999999999878e-01
3.346000000000000085e-01
3.496000000000000218e-01
3.161999999999999811e-01
3.613999999999999990e-01
3.055999999999999828e-01
3.518000000000000016e-01
2.866000000000000214e-01
3.715999999999999859e-01
3.665999999999999814e-01
3.180000000000000049e-01
4.693999999999999839e-01
3.891999999999999904e-01
3.241999999999999882e-01
3.417999999999999927e-01
3.256000000000000005e-01
4.203999999999999959e-01
3.844000000000000195e-01
3.466000000000000192e-01
4.238000000000000100e-01
3.313999999999999724e-01
3.257999999999999785e-01
3.741999999999999771e-01
3.187999999999999723e-01
3.244000000000000217e-01
2.958000000000000074e-01
3.543999999999999928e-01
3.138000000000000234e-01
3.506000000000000227e-01
3.679999999999999938e-01
3.320000000000000173e-01
3.526000000000000245e-01
3.121999999999999775e-01
3.065999999999999837e-01
5.629999999999999449e-01
3.983999999999999764e-01
4.302000000000000268e-01
4.425999999999999934e-01
2.876000000000000223e-01
3.135999999999999899e-01
3.585999999999999743e-01
3.755999999999999894e-01
3.479999999999999760e-01
3.296000000000000041e-01
3.019999999999999907e-01
2.634000000000000230e-01
2.560000000000000053e-01
3.880000000000000115e-01
2.973999999999999977e-01
3.575999999999999734e-01
3.436000000000000165e-01
2.979999999999999871e-01
3.361999999999999988e-01
3.254000000000000226e-01
3.115999999999999881e-01
4.411999999999999811e-01
4.268000000000000127e-01
2.756000000000000116e-01
3.553999999999999937e-01
3.699999999999999956e-01
3.417999999999999927e-01
3.437999999999999945e-01
2.922000000000000153e-01
3.927999999999999825e-01
2.703999999999999737e-01
2.661999999999999922e-01
3.294000000000000261e-01
2.810000000000000275e-01
3.487999999999999989e-01
3.457999999999999963e-01
3.466000000000000192e-01
3.489999999999999769e-01
3.957999999999999852e-01
4.268000000000000127e-01
3.277999999999999803e-01
3.181999999999999829e-01
3.800000000000000044e-01
5.607999999999999652e-01
4.052000000000000046e-01
3.038000000000000145e-01
3.917999999999999816e-01
3.267999999999999794e-01
2.952000000000000179e-01
3.502000000000000113e-01
3.487999999999999989e-01
3.990000000000000213e-01
3.085999999999999854e-01
3.377999999999999892e-01
2.832000000000000073e-01
4.092000000000000082e-01
3.281999999999999917e-01
3.039999999999999925e-01
4.275999999999999801e-01
3.140000000000000013e-01
2.634000000000000230e-01
3.489999999999999769e-01
3.924000000000000266e-01
3.665999999999999814e-01
3.281999999999999917e-01
3.220000000000000084e-01
2.607999999999999763e-01
2.584000000000000186e-01
3.546000000000000263e-01
3.648000000000000131e-01
3.790000000000000036e-01
3.585999999999999743e-01
3.075999999999999845e-01
3.635999999999999788e-01
4.016000000000000125e-01
2.989999999999999880e-01
2.969999999999999862e-01
