5.171428571428571264e-01
4.757142857142857006e-01
3.974285714285714088e-01
3.134285714285714453e-01
4.351428571428571646e-01
4.274285714285714355e-01
3.114285714285714435e-01
3.499999999999999778e-01
3.791428571428571703e-01
3.780000000000000027e-01
4.208571428571428741e-01
3.385714285714285787e-01
3.182857142857142829e-01
4.465714285714285636e-01
3.831428571428571184e-01
4.097142857142856975e-01
2.899999999999999800e-01
4.568571428571428505e-01
4.748571428571428665e-01
4.725714285714285867e-01
4.000000000000000222e-01
4.522857142857142909e-01
3.268571428571428461e-01
3.885714285714285676e-01
4.068571428571428616e-01
3.671428571428571597e-01
3.562857142857142612e-01
4.562857142857142945e-01
4.851428571428571535e-01
4.171428571428571486e-01
3.382857142857143007e-01
3.599999999999999867e-01
3.265714285714285681e-01
3.522857142857143131e-01
3.420000000000000262e-01
3.342857142857142971e-01
3.637142857142857122e-01
3.354285714285714093e-01
2.708571428571428519e-01
3.431428571428571384e-01
4.454285714285714515e-01
3.619999999999999885e-01
4.645714285714285796e-01
3.942857142857142949e-01
3.320000000000000173e-01
3.382857142857143007e-01
2.668571428571428483e-01
2.902857142857142581e-01
3.577142857142857069e-01
4.145714285714285907e-01
4.088571428571428634e-01
3.642857142857142683e-01
3.091428571428571637e-01
3.231428571428571206e-01
4.580000000000000182e-01
3.485714285714285876e-01
3.642857142857142683e-01
3.217142857142857304e-01
3.028571428571428803e-01
4.325714285714285512e-01
4.017142857142856904e-01
2.711428571428571299e-01
3.257142857142857340e-01
4.602857142857142980e-01
3.742857142857142771e-01
3.108571428571428319e-01
3.894285714285714017e-01
2.822857142857143065e-01
3.391428571428571348e-01
4.297142857142857153e-01
4.151428571428571468e-01
2.657142857142857362e-01
3.874285714285714555e-01
3.659999999999999920e-01
4.879999999999999893e-01
3.679999999999999938e-01
3.774285714285714466e-01
3.039999999999999925e-01
3.994285714285714106e-01
3.200000000000000067e-01
4.699999999999999734e-01
3.445714285714285841e-01
3.177142857142857268e-01
4.074285714285714177e-01
4.102857142857143091e-01
4.208571428571428741e-01
3.657142857142857140e-01
4.682857142857143051e-01
3.908571428571428474e-01
4.125714285714285889e-01
3.145714285714285574e-01
3.642857142857142683e-01
3.780000000000000027e-01
3.831428571428571184e-01
3.260000000000000120e-01
3.308571428571428497e-01
4.091428571428571415e-01
3.908571428571428474e-01
3.639999999999999902e-01
3.894285714285714017e-01
5.005714285714285561e-01
2.685714285714285721e-01
4.157142857142857029e-01
3.274285714285714022e-01
3.397142857142856909e-01
2.977142857142857091e-01
3.082857142857142740e-01
3.154285714285714470e-01
3.045714285714285485e-01
3.102857142857142758e-01
6.174285714285714377e-01
4.128571428571428670e-01
4.168571428571428705e-01
3.911428571428571255e-01
3.402857142857143025e-01
3.531428571428571472e-01
2.762857142857143011e-01
3.277142857142857357e-01
4.422857142857142820e-01
3.760000000000000009e-01
3.348571428571428532e-01
2.771428571428571352e-01
3.202857142857142847e-01
3.285714285714285698e-01
3.760000000000000009e-01
3.337142857142857411e-01
4.257142857142857117e-01
4.480000000000000093e-01
3.505714285714285894e-01
2.859999999999999765e-01
3.708571428571428297e-01
2.791428571428571370e-01
3.214285714285714524e-01
2.991428571428571548e-01
4.371428571428571663e-01
3.568571428571428727e-01
2.660000000000000142e-01
3.834285714285714519e-01
4.308571428571428830e-01
3.411428571428571366e-01
2.742857142857142994e-01
3.305714285714285716e-01
3.099999999999999978e-01
4.588571428571428523e-01
4.520000000000000129e-01
3.242857142857142883e-01
3.462857142857143078e-01
3.551428571428571490e-01
4.042857142857143038e-01
3.582857142857142629e-01
4.602857142857142980e-01
3.188571428571428390e-01
3.519999999999999796e-01
3.402857142857143025e-01
4.397142857142857242e-01
3.214285714285714524e-01
3.282857142857142918e-01
3.325714285714285734e-01
4.188571428571428723e-01
4.068571428571428616e-01
3.702857142857142736e-01
3.231428571428571206e-01
3.297142857142857375e-01
3.325714285714285734e-01
3.068571428571428839e-01
3.102857142857142758e-01
3.451428571428571401e-01
3.954285714285714071e-01
5.565714285714286058e-01
4.020000000000000240e-01
3.005714285714285450e-01
3.911428571428571255e-01
4.114285714285714213e-01
3.585714285714285965e-01
3.099999999999999978e-01
3.117142857142857215e-01
4.325714285714285512e-01
4.605714285714285761e-01
4.422857142857142820e-01
3.062857142857142723e-01
2.728571428571428537e-01
4.542857142857142927e-01
2.911428571428571477e-01
4.491428571428571215e-01
3.639999999999999902e-01
3.260000000000000120e-01
3.220000000000000084e-01
5.000000000000000000e-01
3.542857142857142594e-01
3.157142857142857251e-01
3.605714285714285983e-01
4.580000000000000182e-01
3.245714285714285663e-01
3.028571428571428803e-01
3.257142857142857340e-01
2.791428571428571370e-01
2.962857142857142634e-01
3.545714285714285929e-01
2.942857142857142616e-01
4.614285714285714102e-01
3.828571428571428403e-01
3.114285714285714435e-01
3.637142857142857122e-01
3.942857142857142949e-01
3.688571428571428834e-01
3.957142857142857406e-01
4.408571428571428363e-01
3.868571428571428439e-01
3.800000000000000044e-01
3.568571428571428727e-01
3.928571428571428492e-01
3.628571428571428781e-01
2.968571428571428750e-01
3.408571428571428585e-01
4.451428571428571179e-01
3.797142857142857264e-01
3.845714285714285641e-01
4.171428571428571486e-01
4.648571428571428577e-01
3.074285714285714399e-01
2.865714285714285881e-01
3.605714285714285983e-01
3.442857142857143060e-01
3.837142857142857300e-01
3.702857142857142736e-01
2.745714285714285774e-01
2.777142857142856913e-01
3.888571428571428457e-01
2.931428571428571495e-01
3.025714285714285467e-01
3.131428571428571672e-01
3.162857142857142811e-01
3.011428571428571566e-01
3.117142857142857215e-01
3.459999999999999742e-01
2.988571428571428767e-01
3.934285714285714053e-01
3.414285714285714146e-01
2.917142857142857038e-01
3.131428571428571672e-01
3.891428571428571237e-01
4.157142857142857029e-01
3.017142857142857126e-01
3.425714285714285823e-01
3.459999999999999742e-01
3.582857142857142629e-01
3.031428571428571583e-01
2.854285714285714204e-01
3.331428571428571295e-01
3.094285714285714417e-01
3.151428571428571690e-01
3.760000000000000009e-01
3.205714285714285627e-01
3.077142857142857180e-01
2.919999999999999818e-01
3.222857142857142865e-01
4.139999999999999791e-01
3.180000000000000049e-01
3.025714285714285467e-01
3.008571428571428785e-01
3.228571428571428426e-01
3.828571428571428403e-01
3.668571428571428816e-01
3.174285714285714488e-01
3.422857142857143042e-01
4.054285714285714159e-01
4.145714285714285907e-01
4.245714285714285441e-01
5.754285714285714004e-01
3.731428571428571650e-01
3.360000000000000209e-01
3.551428571428571490e-01
3.948571428571428510e-01
3.937142857142857388e-01
3.457142857142856962e-01
4.028571428571428581e-01
4.337142857142857189e-01
3.565714285714285947e-01
3.639999999999999902e-01
2.848571428571428643e-01
3.211428571428571188e-01
3.877142857142857335e-01
4.631428571428571339e-01
3.482857142857143096e-01
3.097142857142857197e-01
2.931428571428571495e-01
3.434285714285714164e-01
3.699999999999999956e-01
3.800000000000000044e-01
3.602857142857142647e-01
4.211428571428571521e-01
3.320000000000000173e-01
4.022857142857143020e-01
3.800000000000000044e-01
3.871428571428571219e-01
2.928571428571428714e-01
3.502857142857143113e-01
3.237142857142857322e-01
3.505714285714285894e-01
4.174285714285714266e-01
3.311428571428571277e-01
3.145714285714285574e-01
2.819999999999999729e-01
3.217142857142857304e-01
3.825714285714285623e-01
2.979999999999999871e-01
3.285714285714285698e-01
3.039999999999999925e-01
3.814285714285714501e-01
3.297142857142857375e-01
2.911428571428571477e-01
4.051428571428571379e-01
3.777142857142857246e-01
3.245714285714285663e-01
2.885714285714285898e-01
3.462857142857143078e-01
4.194285714285714284e-01
3.531428571428571472e-01
4.239999999999999880e-01
3.225714285714285645e-01
3.688571428571428834e-01
3.802857142857142825e-01
2.974285714285714310e-01
4.028571428571428581e-01
3.185714285714285610e-01
3.362857142857142989e-01
3.565714285714285947e-01
3.725714285714285534e-01
3.791428571428571703e-01
2.874285714285714222e-01
3.037142857142857144e-01
3.702857142857142736e-01
3.265714285714285681e-01
3.780000000000000027e-01
3.288571428571428479e-01
3.308571428571428497e-01
3.748571428571428332e-01
4.557142857142857384e-01
3.357142857142856873e-01
3.282857142857142918e-01
3.791428571428571703e-01
3.260000000000000120e-01
3.782857142857142807e-01
3.625714285714285445e-01
2.802857142857143047e-01
3.065714285714285503e-01
2.582857142857142851e-01
4.117142857142856993e-01
3.548571428571428710e-01
3.714285714285714413e-01
3.317142857142857393e-01
3.780000000000000027e-01
3.142857142857142794e-01
3.262857142857142900e-01
3.822857142857142843e-01
4.351428571428571646e-01
2.965714285714285969e-01
3.459999999999999742e-01
3.805714285714285605e-01
3.414285714285714146e-01
3.679999999999999938e-01
5.185714285714285721e-01
2.700000000000000178e-01
3.274285714285714022e-01
3.428571428571428603e-01
3.928571428571428492e-01
4.402857142857142803e-01
4.191428571428571503e-01
3.042857142857142705e-01
3.074285714285714399e-01
3.857142857142857317e-01
3.322857142857142954e-01
2.939999999999999836e-01
2.977142857142857091e-01
3.354285714285714093e-01
3.325714285714285734e-01
3.039999999999999925e-01
3.465714285714285858e-01
2.888571428571428679e-01
2.819999999999999729e-01
3.171428571428571153e-01
3.739999999999999991e-01
3.605714285714285983e-01
3.585714285714285965e-01
3.428571428571428603e-01
4.054285714285714159e-01
3.642857142857142683e-01
3.262857142857142900e-01
2.802857142857143047e-01
4.154285714285714248e-01
3.422857142857143042e-01
3.288571428571428479e-01
3.617142857142857104e-01
3.808571428571428386e-01
2.548571428571428377e-01
2.968571428571428750e-01
3.274285714285714022e-01
2.982857142857142652e-01
3.300000000000000155e-01
3.134285714285714453e-01
2.754285714285714115e-01
2.705714285714285738e-01
3.140000000000000013e-01
3.142857142857142794e-01
3.582857142857142629e-01
3.022857142857142687e-01
3.737142857142857211e-01
4.051428571428571379e-01
4.014285714285714124e-01
3.148571428571428354e-01
3.271428571428571241e-01
2.742857142857142994e-01
3.380000000000000226e-01
3.674285714285714377e-01
2.854285714285714204e-01
3.462857142857143078e-01
4.408571428571428363e-01
4.028571428571428581e-01
4.331428571428571628e-01
3.597142857142857086e-01
2.997142857142857109e-01
3.374285714285714111e-01
4.174285714285714266e-01
3.342857142857142971e-01
2.899999999999999800e-01
4.279999999999999916e-01
4.719999999999999751e-01
3.554285714285714270e-01
3.699999999999999956e-01
3.105714285714285539e-01
3.214285714285714524e-01
3.777142857142857246e-01
4.014285714285714124e-01
3.722857142857142754e-01
4.057142857142856940e-01
3.168571428571428372e-01
4.239999999999999880e-01
3.497142857142856998e-01
3.039999999999999925e-01
3.074285714285714399e-01
2.614285714285714546e-01
3.797142857142857264e-01
4.274285714285714355e-01
3.619999999999999885e-01
4.154285714285714248e-01
5.371428571428571441e-01
3.682857142857142718e-01
2.879999999999999782e-01
2.948571428571428732e-01
2.702857142857142958e-01
3.519999999999999796e-01
2.837142857142856966e-01
3.091428571428571637e-01
4.534285714285714031e-01
3.151428571428571690e-01
3.977142857142856869e-01
2.951428571428571512e-01
3.840000000000000080e-01
3.214285714285714524e-01
3.797142857142857264e-01
2.811428571428571388e-01
4.471428571428571197e-01
4.111428571428571432e-01
3.031428571428571583e-01
3.322857142857142954e-01
3.291428571428571259e-01
2.645714285714285685e-01
3.782857142857142807e-01
3.225714285714285645e-01
3.542857142857142594e-01
3.751428571428571668e-01
3.517142857142857015e-01
2.882857142857143118e-01
3.525714285714285912e-01
3.594285714285714306e-01
3.762857142857142789e-01
2.777142857142856913e-01
2.808571428571428608e-01
3.077142857142857180e-01
3.537142857142857033e-01
4.097142857142856975e-01
4.239999999999999880e-01
3.345714285714285752e-01
3.948571428571428510e-01
3.231428571428571206e-01
3.374285714285714111e-01
3.425714285714285823e-01
3.288571428571428479e-01
3.045714285714285485e-01
3.394285714285714128e-01
2.905714285714285916e-01
2.851428571428571423e-01
2.985714285714285987e-01
3.797142857142857264e-01
4.065714285714285836e-01
3.494285714285714217e-01
5.242857142857142438e-01
3.757142857142857229e-01
3.437142857142856944e-01
3.002857142857142669e-01
2.951428571428571512e-01
2.760000000000000231e-01
3.400000000000000244e-01
3.254285714285714559e-01
3.371428571428571330e-01
3.371428571428571330e-01
3.237142857142857322e-01
3.242857142857142883e-01
4.397142857142857242e-01
3.442857142857143060e-01
4.157142857142857029e-01
3.437142857142856944e-01
3.180000000000000049e-01
3.900000000000000133e-01
3.385714285714285787e-01
3.725714285714285534e-01
3.805714285714285605e-01
3.871428571428571219e-01
2.859999999999999765e-01
2.597142857142857308e-01
2.925714285714285934e-01
3.188571428571428390e-01
3.362857142857142989e-01
3.071428571428571619e-01
3.682857142857142718e-01
3.425714285714285823e-01
3.505714285714285894e-01
3.154285714285714470e-01
3.454285714285714182e-01
4.025714285714285801e-01
2.828571428571428625e-01
3.585714285714285965e-01
4.054285714285714159e-01
3.422857142857143042e-01
4.045714285714285818e-01
2.922857142857142598e-01
3.380000000000000226e-01
2.768571428571428572e-01
3.642857142857142683e-01
4.442857142857142838e-01
4.317142857142857171e-01
2.605714285714285650e-01
2.939999999999999836e-01
3.619999999999999885e-01
3.311428571428571277e-01
3.497142857142856998e-01
3.122857142857142776e-01
3.031428571428571583e-01
3.482857142857143096e-01
3.342857142857142971e-01
3.511428571428571455e-01
3.805714285714285605e-01
4.171428571428571486e-01
3.737142857142857211e-01
5.357142857142856984e-01
5.460000000000000409e-01
2.951428571428571512e-01
2.814285714285714168e-01
3.479999999999999760e-01
3.214285714285714524e-01
3.791428571428571703e-01
2.882857142857143118e-01
3.651428571428571579e-01
3.614285714285714324e-01
3.260000000000000120e-01
3.142857142857142794e-01
3.231428571428571206e-01
2.997142857142857109e-01
3.268571428571428461e-01
2.982857142857142652e-01
2.948571428571428732e-01
2.828571428571428625e-01
3.248571428571428443e-01
3.194285714285714506e-01
3.017142857142857126e-01
3.774285714285714466e-01
4.677142857142856935e-01
4.151428571428571468e-01
2.914285714285714257e-01
2.834285714285714186e-01
3.734285714285714430e-01
3.714285714285714413e-01
3.317142857142857393e-01
2.751428571428571335e-01
3.017142857142857126e-01
3.402857142857143025e-01
2.891428571428571459e-01
3.400000000000000244e-01
2.914285714285714257e-01
3.411428571428571366e-01
3.328571428571428514e-01
4.079999999999999738e-01
2.897142857142857020e-01
3.005714285714285450e-01
3.134285714285714453e-01
2.828571428571428625e-01
3.362857142857142989e-01
3.491428571428571437e-01
3.171428571428571153e-01
3.382857142857143007e-01
3.042857142857142705e-01
5.431428571428571495e-01
3.011428571428571566e-01
3.519999999999999796e-01
2.991428571428571548e-01
2.951428571428571512e-01
3.068571428571428839e-01
3.157142857142857251e-01
3.234285714285714541e-01
3.314285714285714057e-01
3.665714285714285481e-01
3.431428571428571384e-01
3.374285714285714111e-01
3.545714285714285929e-01
3.311428571428571277e-01
2.974285714285714310e-01
3.117142857142857215e-01
3.988571428571428545e-01
3.985714285714285765e-01
3.254285714285714559e-01
3.048571428571428821e-01
3.208571428571428408e-01
3.168571428571428372e-01
2.754285714285714115e-01
3.380000000000000226e-01
2.865714285714285881e-01
3.691428571428571614e-01
3.294285714285714040e-01
3.662857142857142700e-01
3.342857142857142971e-01
3.268571428571428461e-01
3.685714285714285499e-01
3.748571428571428332e-01
3.274285714285714022e-01
3.574285714285714288e-01
3.642857142857142683e-01
3.462857142857143078e-01
3.340000000000000191e-01
3.039999999999999925e-01
3.019999999999999907e-01
3.471428571428571419e-01
3.157142857142857251e-01
3.485714285714285876e-01
3.865714285714285658e-01
3.345714285714285752e-01
3.525714285714285912e-01
3.119999999999999996e-01
5.168571428571429038e-01
3.397142857142856909e-01
3.565714285714285947e-01
2.822857142857143065e-01
3.225714285714285645e-01
3.877142857142857335e-01
3.614285714285714324e-01
3.914285714285714035e-01
3.808571428571428386e-01
3.119999999999999996e-01
2.568571428571428394e-01
3.511428571428571455e-01
3.728571428571428314e-01
3.565714285714285947e-01
5.154285714285714581e-01
3.451428571428571401e-01
3.477142857142856980e-01
3.468571428571428639e-01
4.211428571428571521e-01
3.059999999999999942e-01
2.685714285714285721e-01
3.559999999999999831e-01
4.540000000000000147e-01
3.682857142857142718e-01
3.780000000000000027e-01
2.948571428571428732e-01
2.842857142857143082e-01
2.568571428571428394e-01
3.114285714285714435e-01
3.468571428571428639e-01
4.285714285714285476e-01
2.914285714285714257e-01
3.488571428571428656e-01
3.274285714285714022e-01
3.294285714285714040e-01
3.840000000000000080e-01
3.165714285714285592e-01
4.040000000000000258e-01
3.614285714285714324e-01
2.874285714285714222e-01
3.002857142857142669e-01
3.682857142857142718e-01
3.825714285714285623e-01
3.605714285714285983e-01
3.548571428571428710e-01
3.517142857142857015e-01
3.791428571428571703e-01
3.659999999999999920e-01
3.800000000000000044e-01
4.851428571428571535e-01
2.777142857142856913e-01
3.191428571428571170e-01
3.465714285714285858e-01
3.325714285714285734e-01
3.142857142857142794e-01
3.562857142857142612e-01
3.011428571428571566e-01
3.154285714285714470e-01
3.614285714285714324e-01
4.119999999999999774e-01
3.148571428571428354e-01
3.262857142857142900e-01
3.248571428571428443e-01
4.557142857142857384e-01
3.017142857142857126e-01
3.642857142857142683e-01
2.811428571428571388e-01
3.665714285714285481e-01
3.091428571428571637e-01
2.877142857142857002e-01
4.165714285714285925e-01
3.105714285714285539e-01
2.931428571428571495e-01
2.691428571428571281e-01
3.511428571428571455e-01
3.108571428571428319e-01
3.985714285714285765e-01
2.939999999999999836e-01
3.245714285714285663e-01
2.882857142857143118e-01
3.968571428571428528e-01
3.222857142857142865e-01
3.545714285714285929e-01
3.242857142857142883e-01
3.639999999999999902e-01
3.728571428571428314e-01
4.928571428571428825e-01
3.265714285714285681e-01
3.734285714285714430e-01
5.008571428571428896e-01
3.337142857142857411e-01
3.345714285714285752e-01
3.371428571428571330e-01
3.848571428571428421e-01
2.762857142857143011e-01
3.685714285714285499e-01
3.648571428571428799e-01
3.848571428571428421e-01
2.737142857142856878e-01
3.448571428571428621e-01
3.180000000000000049e-01
4.651428571428571357e-01
3.380000000000000226e-01
3.628571428571428781e-01
3.537142857142857033e-01
2.802857142857143047e-01
3.308571428571428497e-01
3.914285714285714035e-01
3.851428571428571201e-01
4.325714285714285512e-01
3.374285714285714111e-01
2.908571428571428696e-01
3.360000000000000209e-01
3.862857142857142878e-01
3.408571428571428585e-01
4.308571428571428830e-01
4.865714285714285992e-01
3.191428571428571170e-01
3.599999999999999867e-01
2.660000000000000142e-01
2.611428571428571210e-01
2.939999999999999836e-01
3.082857142857142740e-01
2.937142857142857055e-01
3.945714285714285730e-01
3.614285714285714324e-01
3.634285714285714342e-01
2.740000000000000213e-01
2.868571428571428661e-01
3.674285714285714377e-01
3.248571428571428443e-01
2.819999999999999729e-01
3.497142857142856998e-01
3.211428571428571188e-01
3.682857142857142718e-01
3.479999999999999760e-01
3.537142857142857033e-01
3.511428571428571455e-01
2.991428571428571548e-01
3.931428571428571273e-01
3.722857142857142754e-01
4.331428571428571628e-01
3.488571428571428656e-01
3.862857142857142878e-01
3.345714285714285752e-01
3.171428571428571153e-01
4.354285714285714426e-01
3.108571428571428319e-01
3.074285714285714399e-01
3.391428571428571348e-01
2.831428571428571406e-01
3.388571428571428568e-01
2.988571428571428767e-01
2.828571428571428625e-01
2.828571428571428625e-01
3.531428571428571472e-01
2.800000000000000266e-01
3.168571428571428372e-01
4.062857142857143056e-01
3.768571428571428350e-01
3.457142857142856962e-01
3.468571428571428639e-01
3.131428571428571672e-01
3.559999999999999831e-01
3.551428571428571490e-01
2.811428571428571388e-01
3.108571428571428319e-01
3.437142857142856944e-01
4.217142857142857082e-01
3.619999999999999885e-01
2.868571428571428661e-01
3.114285714285714435e-01
3.517142857142857015e-01
3.782857142857142807e-01
2.831428571428571406e-01
3.011428571428571566e-01
2.962857142857142634e-01
4.362857142857142767e-01
4.108571428571428652e-01
4.365714285714285547e-01
3.180000000000000049e-01
3.397142857142856909e-01
4.042857142857143038e-01
3.800000000000000044e-01
3.408571428571428585e-01
2.908571428571428696e-01
3.322857142857142954e-01
3.445714285714285841e-01
3.182857142857142829e-01
3.288571428571428479e-01
3.111428571428571654e-01
2.937142857142857055e-01
4.194285714285714284e-01
4.008571428571428563e-01
4.597142857142857419e-01
3.065714285714285503e-01
4.000000000000000222e-01
3.699999999999999956e-01
4.211428571428571521e-01
4.242857142857142660e-01
3.528571428571428692e-01
3.142857142857142794e-01
3.451428571428571401e-01
3.171428571428571153e-01
2.771428571428571352e-01
3.014285714285714346e-01
3.445714285714285841e-01
4.448571428571428399e-01
3.557142857142857051e-01
3.202857142857142847e-01
3.517142857142857015e-01
2.894285714285714239e-01
2.765714285714285792e-01
3.494285714285714217e-01
3.034285714285714364e-01
3.522857142857143131e-01
2.831428571428571406e-01
3.240000000000000102e-01
3.577142857142857069e-01
2.848571428571428643e-01
3.374285714285714111e-01
2.657142857142857362e-01
2.788571428571428590e-01
3.900000000000000133e-01
4.079999999999999738e-01
3.565714285714285947e-01
3.417142857142856927e-01
3.228571428571428426e-01
2.962857142857142634e-01
3.637142857142857122e-01
3.537142857142857033e-01
3.777142857142857246e-01
3.659999999999999920e-01
3.288571428571428479e-01
2.951428571428571512e-01
5.394285714285714795e-01
3.345714285714285752e-01
3.811428571428571166e-01
3.162857142857142811e-01
3.545714285714285929e-01
4.600000000000000200e-01
2.897142857142857020e-01
3.168571428571428372e-01
3.537142857142857033e-01
2.879999999999999782e-01
3.402857142857143025e-01
3.354285714285714093e-01
3.348571428571428532e-01
3.117142857142857215e-01
3.702857142857142736e-01
3.220000000000000084e-01
3.822857142857142843e-01
3.654285714285714359e-01
3.082857142857142740e-01
2.700000000000000178e-01
4.057142857142856940e-01
3.345714285714285752e-01
4.342857142857142749e-01
4.008571428571428563e-01
2.622857142857142887e-01
2.837142857142856966e-01
3.434285714285714164e-01
4.045714285714285818e-01
3.411428571428571366e-01
3.800000000000000044e-01
2.705714285714285738e-01
3.128571428571428337e-01
3.748571428571428332e-01
2.845714285714285863e-01
4.017142857142856904e-01
2.580000000000000071e-01
4.239999999999999880e-01
3.017142857142857126e-01
3.397142857142856909e-01
2.919999999999999818e-01
3.317142857142857393e-01
3.639999999999999902e-01
3.300000000000000155e-01
3.905714285714285694e-01
3.217142857142857304e-01
3.368571428571428550e-01
3.985714285714285765e-01
2.620000000000000107e-01
3.397142857142856909e-01
3.597142857142857086e-01
3.311428571428571277e-01
3.894285714285714017e-01
3.814285714285714501e-01
3.420000000000000262e-01
2.740000000000000213e-01
3.757142857142857229e-01
3.751428571428571668e-01
3.497142857142856998e-01
2.711428571428571299e-01
4.328571428571428847e-01
3.059999999999999942e-01
3.037142857142857144e-01
3.171428571428571153e-01
2.848571428571428643e-01
3.177142857142857268e-01
3.177142857142857268e-01
3.059999999999999942e-01
4.054285714285714159e-01
3.797142857142857264e-01
3.188571428571428390e-01
2.819999999999999729e-01
3.602857142857142647e-01
3.811428571428571166e-01
2.800000000000000266e-01
3.291428571428571259e-01
2.928571428571428714e-01
3.411428571428571366e-01
2.951428571428571512e-01
3.754285714285714448e-01
2.939999999999999836e-01
2.928571428571428714e-01
6.188571428571428834e-01
2.794285714285714151e-01
3.211428571428571188e-01
3.371428571428571330e-01
3.285714285714285698e-01
3.057142857142857162e-01
3.397142857142856909e-01
3.774285714285714466e-01
3.165714285714285592e-01
3.188571428571428390e-01
3.954285714285714071e-01
3.037142857142857144e-01
3.114285714285714435e-01
4.259999999999999898e-01
4.025714285714285801e-01
3.568571428571428727e-01
3.388571428571428568e-01
3.342857142857142971e-01
3.559999999999999831e-01
3.434285714285714164e-01
4.188571428571428723e-01
3.014285714285714346e-01
3.051428571428571601e-01
3.134285714285714453e-01
3.557142857142857051e-01
3.045714285714285485e-01
3.400000000000000244e-01
3.214285714285714524e-01
2.825714285714285845e-01
2.585714285714285632e-01
3.288571428571428479e-01
3.485714285714285876e-01
2.922857142857142598e-01
3.719999999999999973e-01
3.982857142857142985e-01
3.348571428571428532e-01
3.814285714285714501e-01
3.499999999999999778e-01
