3.887999999999999790e-01
4.020000000000000240e-01
4.092000000000000082e-01
4.884000000000000008e-01
4.431999999999999829e-01
4.712000000000000077e-01
3.960000000000000187e-01
3.960000000000000187e-01
3.971999999999999975e-01
4.380000000000000004e-01
3.679999999999999938e-01
3.943999999999999728e-01
4.716000000000000192e-01
3.436000000000000165e-01
4.636000000000000121e-01
3.367999999999999883e-01
4.239999999999999880e-01
3.552000000000000157e-01
3.084000000000000075e-01
4.536000000000000032e-01
4.567999999999999838e-01
4.384000000000000119e-01
3.091999999999999749e-01
3.951999999999999957e-01
4.835999999999999743e-01
3.760000000000000009e-01
3.615999999999999770e-01
4.440000000000000058e-01
4.672000000000000042e-01
3.287999999999999812e-01
4.072000000000000064e-01
3.019999999999999907e-01
3.876000000000000001e-01
3.579999999999999849e-01
3.280000000000000138e-01
3.820000000000000062e-01
4.460000000000000075e-01
3.768000000000000238e-01
3.224000000000000199e-01
4.852000000000000202e-01
3.768000000000000238e-01
5.275999999999999579e-01
4.984000000000000097e-01
4.843999999999999972e-01
3.583999999999999964e-01
4.159999999999999809e-01
3.691999999999999726e-01
4.339999999999999969e-01
3.423999999999999821e-01
4.863999999999999990e-01
3.211999999999999855e-01
3.764000000000000123e-01
3.128000000000000225e-01
4.428000000000000269e-01
3.360000000000000209e-01
3.844000000000000195e-01
4.128000000000000003e-01
3.588000000000000078e-01
5.647999999999999687e-01
3.291999999999999926e-01
3.287999999999999812e-01
3.320000000000000173e-01
3.175999999999999934e-01
3.635999999999999788e-01
3.588000000000000078e-01
3.416000000000000147e-01
3.599999999999999867e-01
4.087999999999999967e-01
3.371999999999999997e-01
3.603999999999999981e-01
3.256000000000000005e-01
3.044000000000000039e-01
3.695999999999999841e-01
3.104000000000000092e-01
3.943999999999999728e-01
3.632000000000000228e-01
3.211999999999999855e-01
4.268000000000000127e-01
3.719999999999999973e-01
2.624000000000000221e-01
2.716000000000000081e-01
3.291999999999999926e-01
3.735999999999999877e-01
3.164000000000000146e-01
3.287999999999999812e-01
4.199999999999999845e-01
3.583999999999999964e-01
2.952000000000000179e-01
3.487999999999999989e-01
3.091999999999999749e-01
3.055999999999999828e-01
4.192000000000000171e-01
3.664000000000000035e-01
3.708000000000000185e-01
2.800000000000000266e-01
3.211999999999999855e-01
2.995999999999999774e-01
3.119999999999999996e-01
3.356000000000000094e-01
4.156000000000000250e-01
4.348000000000000198e-01
4.252000000000000224e-01
3.472000000000000086e-01
3.260000000000000120e-01
3.323999999999999733e-01
3.235999999999999988e-01
4.215999999999999748e-01
3.492000000000000104e-01
3.207999999999999741e-01
4.072000000000000064e-01
3.412000000000000033e-01
4.464000000000000190e-01
3.019999999999999907e-01
4.672000000000000042e-01
3.427999999999999936e-01
3.963999999999999746e-01
3.452000000000000068e-01
4.032000000000000028e-01
2.647999999999999798e-01
2.932000000000000162e-01
3.943999999999999728e-01
3.568000000000000060e-01
3.827999999999999736e-01
2.959999999999999853e-01
4.404000000000000137e-01
3.307999999999999829e-01
3.456000000000000183e-01
3.220000000000000084e-01
3.476000000000000201e-01
3.204000000000000181e-01
4.527999999999999803e-01
3.748000000000000220e-01
3.144000000000000128e-01
3.260000000000000120e-01
3.735999999999999877e-01
4.152000000000000135e-01
3.876000000000000001e-01
3.180000000000000049e-01
3.588000000000000078e-01
3.079999999999999960e-01
3.512000000000000122e-01
3.672000000000000264e-01
3.376000000000000112e-01
4.516000000000000014e-01
3.940000000000000169e-01
3.639999999999999902e-01
3.572000000000000175e-01
4.195999999999999730e-01
3.931999999999999940e-01
3.195999999999999952e-01
3.991999999999999993e-01
3.439999999999999725e-01
2.640000000000000124e-01
3.416000000000000147e-01
3.479999999999999760e-01
3.416000000000000147e-01
3.407999999999999918e-01
3.104000000000000092e-01
3.291999999999999926e-01
4.020000000000000240e-01
3.472000000000000086e-01
3.603999999999999981e-01
4.395999999999999908e-01
3.028000000000000136e-01
3.536000000000000254e-01
3.583999999999999964e-01
3.695999999999999841e-01
3.363999999999999768e-01
4.203999999999999959e-01
3.307999999999999829e-01
3.164000000000000146e-01
3.472000000000000086e-01
3.291999999999999926e-01
3.711999999999999744e-01
3.463999999999999857e-01
3.191999999999999837e-01
4.176000000000000267e-01
2.992000000000000215e-01
3.015999999999999792e-01
4.924000000000000044e-01
3.691999999999999726e-01
3.532000000000000139e-01
3.240000000000000102e-01
4.571999999999999953e-01
3.583999999999999964e-01
3.655999999999999805e-01
3.387999999999999901e-01
3.943999999999999728e-01
3.224000000000000199e-01
3.168000000000000260e-01
2.928000000000000047e-01
3.316000000000000059e-01
3.264000000000000234e-01
3.256000000000000005e-01
3.476000000000000201e-01
3.563999999999999946e-01
3.556000000000000272e-01
3.267999999999999794e-01
2.852000000000000091e-01
3.180000000000000049e-01
3.592000000000000193e-01
3.048000000000000154e-01
4.275999999999999801e-01
3.128000000000000225e-01
3.331999999999999962e-01
3.160000000000000031e-01
3.679999999999999938e-01
3.824000000000000177e-01
3.820000000000000062e-01
3.851999999999999869e-01
3.276000000000000023e-01
3.516000000000000236e-01
3.284000000000000252e-01
5.387999999999999456e-01
3.356000000000000094e-01
3.363999999999999768e-01
4.228000000000000091e-01
4.043999999999999817e-01
3.155999999999999917e-01
4.128000000000000003e-01
3.711999999999999744e-01
3.628000000000000114e-01
3.251999999999999891e-01
2.856000000000000205e-01
4.199999999999999845e-01
3.240000000000000102e-01
3.447999999999999954e-01
3.267999999999999794e-01
4.163999999999999924e-01
3.548000000000000043e-01
3.008000000000000118e-01
3.719999999999999973e-01
4.324000000000000066e-01
3.235999999999999988e-01
3.420000000000000262e-01
3.496000000000000218e-01
3.204000000000000181e-01
3.059999999999999942e-01
5.368000000000000549e-01
4.404000000000000137e-01
4.304000000000000048e-01
3.960000000000000187e-01
3.055999999999999828e-01
4.308000000000000163e-01
3.528000000000000025e-01
3.672000000000000264e-01
3.820000000000000062e-01
4.032000000000000028e-01
3.744000000000000106e-01
3.583999999999999964e-01
3.523999999999999910e-01
4.275999999999999801e-01
2.923999999999999932e-01
4.279999999999999916e-01
2.928000000000000047e-01
3.412000000000000033e-01
3.583999999999999964e-01
3.260000000000000120e-01
3.148000000000000242e-01
3.231999999999999873e-01
3.456000000000000183e-01
3.556000000000000272e-01
4.136000000000000232e-01
4.208000000000000074e-01
3.784000000000000141e-01
3.320000000000000173e-01
3.291999999999999926e-01
3.035999999999999810e-01
3.427999999999999936e-01
3.608000000000000096e-01
3.536000000000000254e-01
2.896000000000000241e-01
4.408000000000000251e-01
2.952000000000000179e-01
3.795999999999999930e-01
4.056000000000000161e-01
3.824000000000000177e-01
3.608000000000000096e-01
3.847999999999999754e-01
3.012000000000000233e-01
3.815999999999999948e-01
3.383999999999999786e-01
3.871999999999999886e-01
3.296000000000000041e-01
3.371999999999999997e-01
3.403999999999999804e-01
3.140000000000000013e-01
3.432000000000000051e-01
4.707999999999999963e-01
3.900000000000000133e-01
2.983999999999999986e-01
3.400000000000000244e-01
3.019999999999999907e-01
3.691999999999999726e-01
3.891999999999999904e-01
2.988000000000000100e-01
2.644000000000000239e-01
3.059999999999999942e-01
3.652000000000000246e-01
2.740000000000000213e-01
3.679999999999999938e-01
3.711999999999999744e-01
3.320000000000000173e-01
3.603999999999999981e-01
3.187999999999999723e-01
3.748000000000000220e-01
4.159999999999999809e-01
3.396000000000000130e-01
3.452000000000000068e-01
2.439999999999999947e-01
4.912000000000000255e-01
3.135999999999999899e-01
3.351999999999999980e-01
3.052000000000000268e-01
3.376000000000000112e-01
4.023999999999999799e-01
3.675999999999999823e-01
3.148000000000000242e-01
3.347999999999999865e-01
2.656000000000000028e-01
3.711999999999999744e-01
2.740000000000000213e-01
3.276000000000000023e-01
3.004000000000000004e-01
3.071999999999999731e-01
3.187999999999999723e-01
3.008000000000000118e-01
3.160000000000000031e-01
2.999999999999999889e-01
3.300000000000000155e-01
3.724000000000000088e-01
3.024000000000000021e-01
3.439999999999999725e-01
3.423999999999999821e-01
3.052000000000000268e-01
3.140000000000000013e-01
3.668000000000000149e-01
3.664000000000000035e-01
4.279999999999999916e-01
4.215999999999999748e-01
2.475999999999999868e-01
3.996000000000000107e-01
3.648000000000000131e-01
3.612000000000000210e-01
2.975999999999999757e-01
4.872000000000000219e-01
4.924000000000000044e-01
5.223999999999999755e-01
3.519999999999999796e-01
3.380000000000000226e-01
4.228000000000000091e-01
3.864000000000000212e-01
4.391999999999999793e-01
3.148000000000000242e-01
3.064000000000000057e-01
2.972000000000000197e-01
3.140000000000000013e-01
3.376000000000000112e-01
3.155999999999999917e-01
3.287999999999999812e-01
3.936000000000000054e-01
3.175999999999999934e-01
3.588000000000000078e-01
2.988000000000000100e-01
5.675999999999999934e-01
3.583999999999999964e-01
3.472000000000000086e-01
3.795999999999999930e-01
3.024000000000000021e-01
2.816000000000000170e-01
3.195999999999999952e-01
4.067999999999999949e-01
3.403999999999999804e-01
2.892000000000000126e-01
3.095999999999999863e-01
3.931999999999999940e-01
3.363999999999999768e-01
4.163999999999999924e-01
2.827999999999999958e-01
3.887999999999999790e-01
3.128000000000000225e-01
4.027999999999999914e-01
3.472000000000000086e-01
3.119999999999999996e-01
3.343999999999999750e-01
3.539999999999999813e-01
3.947999999999999843e-01
4.324000000000000066e-01
3.563999999999999946e-01
3.380000000000000226e-01
2.979999999999999871e-01
2.972000000000000197e-01
3.595999999999999752e-01
4.480000000000000093e-01
4.067999999999999949e-01
2.832000000000000073e-01
3.055999999999999828e-01
3.412000000000000033e-01
3.831999999999999851e-01
3.844000000000000195e-01
4.292000000000000259e-01
3.735999999999999877e-01
2.640000000000000124e-01
3.380000000000000226e-01
3.079999999999999960e-01
3.019999999999999907e-01
3.251999999999999891e-01
3.184000000000000163e-01
3.131999999999999784e-01
3.416000000000000147e-01
3.887999999999999790e-01
2.611999999999999877e-01
3.304000000000000270e-01
2.816000000000000170e-01
3.708000000000000185e-01
3.699999999999999956e-01
2.687999999999999834e-01
2.867999999999999994e-01
3.211999999999999855e-01
3.004000000000000004e-01
3.644000000000000017e-01
3.271999999999999909e-01
3.539999999999999813e-01
3.191999999999999837e-01
3.420000000000000262e-01
2.919999999999999818e-01
4.527999999999999803e-01
3.427999999999999936e-01
3.864000000000000212e-01
3.316000000000000059e-01
3.200000000000000067e-01
2.972000000000000197e-01
2.832000000000000073e-01
4.364000000000000101e-01
3.880000000000000115e-01
3.215999999999999970e-01
4.139999999999999791e-01
3.735999999999999877e-01
3.131999999999999784e-01
3.887999999999999790e-01
3.327999999999999847e-01
3.940000000000000169e-01
2.995999999999999774e-01
2.760000000000000231e-01
3.160000000000000031e-01
3.632000000000000228e-01
3.827999999999999736e-01
3.931999999999999940e-01
2.827999999999999958e-01
3.728000000000000203e-01
2.963999999999999968e-01
4.395999999999999908e-01
3.559999999999999831e-01
3.512000000000000122e-01
2.644000000000000239e-01
3.296000000000000041e-01
2.999999999999999889e-01
3.267999999999999794e-01
2.912000000000000144e-01
3.556000000000000272e-01
3.639999999999999902e-01
3.543999999999999928e-01
3.552000000000000157e-01
3.880000000000000115e-01
3.804000000000000159e-01
3.128000000000000225e-01
3.148000000000000242e-01
3.499999999999999778e-01
3.200000000000000067e-01
3.648000000000000131e-01
3.247999999999999776e-01
3.980000000000000204e-01
3.844000000000000195e-01
3.907999999999999807e-01
3.360000000000000209e-01
4.359999999999999987e-01
2.867999999999999994e-01
2.959999999999999853e-01
3.456000000000000183e-01
4.003999999999999782e-01
3.151999999999999802e-01
3.644000000000000017e-01
3.284000000000000252e-01
2.656000000000000028e-01
2.892000000000000126e-01
2.624000000000000221e-01
3.320000000000000173e-01
3.423999999999999821e-01
3.592000000000000193e-01
4.132000000000000117e-01
3.095999999999999863e-01
3.588000000000000078e-01
3.032000000000000250e-01
3.699999999999999956e-01
4.444000000000000172e-01
2.776000000000000134e-01
2.867999999999999994e-01
3.804000000000000159e-01
2.936000000000000276e-01
3.983999999999999764e-01
3.099999999999999978e-01
3.739999999999999991e-01
3.028000000000000136e-01
3.195999999999999952e-01
4.023999999999999799e-01
2.783999999999999808e-01
2.863999999999999879e-01
3.191999999999999837e-01
3.439999999999999725e-01
5.295999999999999597e-01
4.680000000000000271e-01
3.623999999999999999e-01
3.371999999999999997e-01
3.111999999999999766e-01
3.260000000000000120e-01
3.920000000000000151e-01
3.788000000000000256e-01
5.220000000000000195e-01
3.436000000000000165e-01
3.131999999999999784e-01
3.748000000000000220e-01
3.316000000000000059e-01
2.912000000000000144e-01
4.000000000000000222e-01
4.143999999999999906e-01
2.983999999999999986e-01
3.423999999999999821e-01
3.059999999999999942e-01
3.684000000000000052e-01
4.544000000000000261e-01
4.384000000000000119e-01
3.548000000000000043e-01
3.191999999999999837e-01
3.672000000000000264e-01
2.899999999999999800e-01
3.911999999999999922e-01
3.492000000000000104e-01
3.220000000000000084e-01
3.512000000000000122e-01
3.492000000000000104e-01
3.920000000000000151e-01
2.928000000000000047e-01
3.463999999999999857e-01
3.668000000000000149e-01
3.140000000000000013e-01
3.387999999999999901e-01
3.755999999999999894e-01
3.867999999999999772e-01
3.443999999999999839e-01
3.623999999999999999e-01
3.824000000000000177e-01
2.879999999999999782e-01
2.836000000000000187e-01
2.932000000000000162e-01
3.088000000000000189e-01
3.376000000000000112e-01
3.300000000000000155e-01
3.940000000000000169e-01
3.492000000000000104e-01
3.599999999999999867e-01
4.268000000000000127e-01
3.171999999999999820e-01
3.668000000000000149e-01
3.148000000000000242e-01
3.612000000000000210e-01
3.148000000000000242e-01
3.924000000000000266e-01
3.015999999999999792e-01
3.436000000000000165e-01
3.331999999999999962e-01
3.467999999999999972e-01
3.699999999999999956e-01
2.452000000000000013e-01
3.971999999999999975e-01
3.423999999999999821e-01
3.543999999999999928e-01
4.016000000000000125e-01
2.763999999999999790e-01
3.207999999999999741e-01
3.867999999999999772e-01
3.316000000000000059e-01
3.556000000000000272e-01
3.044000000000000039e-01
3.115999999999999881e-01
3.780000000000000027e-01
3.360000000000000209e-01
4.776000000000000245e-01
3.715999999999999859e-01
3.383999999999999786e-01
3.108000000000000207e-01
3.327999999999999847e-01
3.423999999999999821e-01
3.200000000000000067e-01
2.716000000000000081e-01
2.867999999999999994e-01
3.652000000000000246e-01
4.079999999999999738e-01
2.952000000000000179e-01
2.883999999999999897e-01
3.719999999999999973e-01
3.207999999999999741e-01
4.328000000000000180e-01
2.816000000000000170e-01
4.328000000000000180e-01
4.056000000000000161e-01
3.543999999999999928e-01
4.096000000000000196e-01
3.264000000000000234e-01
2.975999999999999757e-01
3.764000000000000123e-01
3.407999999999999918e-01
3.019999999999999907e-01
3.496000000000000218e-01
3.519999999999999796e-01
4.292000000000000259e-01
2.847999999999999976e-01
3.432000000000000051e-01
3.316000000000000059e-01
3.256000000000000005e-01
4.495999999999999996e-01
3.588000000000000078e-01
3.296000000000000041e-01
3.960000000000000187e-01
3.403999999999999804e-01
3.503999999999999893e-01
2.651999999999999913e-01
4.359999999999999987e-01
3.532000000000000139e-01
2.747999999999999887e-01
3.187999999999999723e-01
2.736000000000000099e-01
3.432000000000000051e-01
2.803999999999999826e-01
2.839999999999999747e-01
3.487999999999999989e-01
3.764000000000000123e-01
3.884000000000000230e-01
3.035999999999999810e-01
4.047999999999999932e-01
2.948000000000000065e-01
3.064000000000000057e-01
3.420000000000000262e-01
3.280000000000000138e-01
4.591999999999999971e-01
3.144000000000000128e-01
4.371999999999999775e-01
3.503999999999999893e-01
3.588000000000000078e-01
3.675999999999999823e-01
3.927999999999999825e-01
3.432000000000000051e-01
3.612000000000000210e-01
4.520000000000000129e-01
3.380000000000000226e-01
3.048000000000000154e-01
3.160000000000000031e-01
2.839999999999999747e-01
3.247999999999999776e-01
3.623999999999999999e-01
4.152000000000000135e-01
2.839999999999999747e-01
3.780000000000000027e-01
2.743999999999999773e-01
3.599999999999999867e-01
3.244000000000000217e-01
3.559999999999999831e-01
3.780000000000000027e-01
3.111999999999999766e-01
3.200000000000000067e-01
3.180000000000000049e-01
3.432000000000000051e-01
4.007999999999999896e-01
3.151999999999999802e-01
3.583999999999999964e-01
3.887999999999999790e-01
3.739999999999999991e-01
3.715999999999999859e-01
3.880000000000000115e-01
3.296000000000000041e-01
3.307999999999999829e-01
3.579999999999999849e-01
3.064000000000000057e-01
4.944000000000000061e-01
3.075999999999999845e-01
3.316000000000000059e-01
2.988000000000000100e-01
4.384000000000000119e-01
3.168000000000000260e-01
3.039999999999999925e-01
2.823999999999999844e-01
3.264000000000000234e-01
2.847999999999999976e-01
4.275999999999999801e-01
4.032000000000000028e-01
3.231999999999999873e-01
3.679999999999999938e-01
2.680000000000000160e-01
3.211999999999999855e-01
3.443999999999999839e-01
3.376000000000000112e-01
3.111999999999999766e-01
3.936000000000000054e-01
3.004000000000000004e-01
3.967999999999999861e-01
3.108000000000000207e-01
3.044000000000000039e-01
5.040000000000000036e-01
3.715999999999999859e-01
3.371999999999999997e-01
4.455999999999999961e-01
3.652000000000000246e-01
4.380000000000000004e-01
4.368000000000000216e-01
3.559999999999999831e-01
3.091999999999999749e-01
5.852000000000000535e-01
3.035999999999999810e-01
2.627999999999999781e-01
2.772000000000000020e-01
3.487999999999999989e-01
3.539999999999999813e-01
4.580000000000000182e-01
3.688000000000000167e-01
2.819999999999999729e-01
3.059999999999999942e-01
2.939999999999999836e-01
3.128000000000000225e-01
2.876000000000000223e-01
3.392000000000000015e-01
3.084000000000000075e-01
2.856000000000000205e-01
3.416000000000000147e-01
4.408000000000000251e-01
3.264000000000000234e-01
4.299999999999999933e-01
3.200000000000000067e-01
4.176000000000000267e-01
2.879999999999999782e-01
2.823999999999999844e-01
3.128000000000000225e-01
3.403999999999999804e-01
2.892000000000000126e-01
3.635999999999999788e-01
3.360000000000000209e-01
4.531999999999999917e-01
2.992000000000000215e-01
3.131999999999999784e-01
3.784000000000000141e-01
3.343999999999999750e-01
3.884000000000000230e-01
3.452000000000000068e-01
4.036000000000000143e-01
2.963999999999999968e-01
3.575999999999999734e-01
3.019999999999999907e-01
2.999999999999999889e-01
3.204000000000000181e-01
2.796000000000000152e-01
3.960000000000000187e-01
4.803999999999999937e-01
3.672000000000000264e-01
2.847999999999999976e-01
3.300000000000000155e-01
2.968000000000000083e-01
3.476000000000000201e-01
3.784000000000000141e-01
3.091999999999999749e-01
3.708000000000000185e-01
4.959999999999999964e-01
3.407999999999999918e-01
3.403999999999999804e-01
3.847999999999999754e-01
2.803999999999999826e-01
3.583999999999999964e-01
2.540000000000000036e-01
3.472000000000000086e-01
3.240000000000000102e-01
3.831999999999999851e-01
3.356000000000000094e-01
3.168000000000000260e-01
3.788000000000000256e-01
3.396000000000000130e-01
2.888000000000000012e-01
3.151999999999999802e-01
4.132000000000000117e-01
4.116000000000000214e-01
3.015999999999999792e-01
3.004000000000000004e-01
3.291999999999999926e-01
4.139999999999999791e-01
3.276000000000000023e-01
4.060000000000000275e-01
3.115999999999999881e-01
3.724000000000000088e-01
2.928000000000000047e-01
4.047999999999999932e-01
3.068000000000000171e-01
2.856000000000000205e-01
2.995999999999999774e-01
2.736000000000000099e-01
3.559999999999999831e-01
3.032000000000000250e-01
3.320000000000000173e-01
3.679999999999999938e-01
3.784000000000000141e-01
3.296000000000000041e-01
3.864000000000000212e-01
3.728000000000000203e-01
3.287999999999999812e-01
3.664000000000000035e-01
3.175999999999999934e-01
2.923999999999999932e-01
3.463999999999999857e-01
2.892000000000000126e-01
3.467999999999999972e-01
3.028000000000000136e-01
3.572000000000000175e-01
3.296000000000000041e-01
2.983999999999999986e-01
3.316000000000000059e-01
3.904000000000000248e-01
2.995999999999999774e-01
3.320000000000000173e-01
2.936000000000000276e-01
2.727999999999999869e-01
2.952000000000000179e-01
2.892000000000000126e-01
3.068000000000000171e-01
3.260000000000000120e-01
2.723999999999999755e-01
3.532000000000000139e-01
2.747999999999999887e-01
3.479999999999999760e-01
2.912000000000000144e-01
3.439999999999999725e-01
2.923999999999999932e-01
2.856000000000000205e-01
3.235999999999999988e-01
3.808000000000000274e-01
5.220000000000000195e-01
4.183999999999999941e-01
3.739999999999999991e-01
3.155999999999999917e-01
3.795999999999999930e-01
3.724000000000000088e-01
3.603999999999999981e-01
2.691999999999999948e-01
2.852000000000000091e-01
3.144000000000000128e-01
2.727999999999999869e-01
2.580000000000000071e-01
3.623999999999999999e-01
3.820000000000000062e-01
2.955999999999999739e-01
4.007999999999999896e-01
2.800000000000000266e-01
3.168000000000000260e-01
2.667999999999999816e-01
2.992000000000000215e-01
3.920000000000000151e-01
3.920000000000000151e-01
3.980000000000000204e-01
3.028000000000000136e-01
4.215999999999999748e-01
3.996000000000000107e-01
4.288000000000000145e-01
3.639999999999999902e-01
2.879999999999999782e-01
2.919999999999999818e-01
2.707999999999999852e-01
3.235999999999999988e-01
3.240000000000000102e-01
3.131999999999999784e-01
3.284000000000000252e-01
3.628000000000000114e-01
2.832000000000000073e-01
3.588000000000000078e-01
3.204000000000000181e-01
2.923999999999999932e-01
3.619999999999999885e-01
3.876000000000000001e-01
3.684000000000000052e-01
3.200000000000000067e-01
4.428000000000000269e-01
5.944000000000000394e-01
3.160000000000000031e-01
3.032000000000000250e-01
3.632000000000000228e-01
4.331999999999999740e-01
2.787999999999999923e-01
2.988000000000000100e-01
3.220000000000000084e-01
4.056000000000000161e-01
3.791999999999999815e-01
3.472000000000000086e-01
2.716000000000000081e-01
4.099999999999999756e-01
3.755999999999999894e-01
4.451999999999999846e-01
3.231999999999999873e-01
2.691999999999999948e-01
3.135999999999999899e-01
3.351999999999999980e-01
2.959999999999999853e-01
3.543999999999999928e-01
3.044000000000000039e-01
3.039999999999999925e-01
3.427999999999999936e-01
4.067999999999999949e-01
3.467999999999999972e-01
3.052000000000000268e-01
3.572000000000000175e-01
2.647999999999999798e-01
3.235999999999999988e-01
3.115999999999999881e-01
3.380000000000000226e-01
3.351999999999999980e-01
3.160000000000000031e-01
3.155999999999999917e-01
2.943999999999999950e-01
4.027999999999999914e-01
3.563999999999999946e-01
3.387999999999999901e-01
3.224000000000000199e-01
4.163999999999999924e-01
3.956000000000000072e-01
4.603999999999999759e-01
3.463999999999999857e-01
2.640000000000000124e-01
3.195999999999999952e-01
3.084000000000000075e-01
3.004000000000000004e-01
3.155999999999999917e-01
3.572000000000000175e-01
3.084000000000000075e-01
5.111999999999999877e-01
3.184000000000000163e-01
3.099999999999999978e-01
3.095999999999999863e-01
3.296000000000000041e-01
3.091999999999999749e-01
3.323999999999999733e-01
3.131999999999999784e-01
3.311999999999999944e-01
4.331999999999999740e-01
3.884000000000000230e-01
3.867999999999999772e-01
3.963999999999999746e-01
3.095999999999999863e-01
3.347999999999999865e-01
3.059999999999999942e-01
2.836000000000000187e-01
3.719999999999999973e-01
3.808000000000000274e-01
3.708000000000000185e-01
3.632000000000000228e-01
3.695999999999999841e-01
3.215999999999999970e-01
4.835999999999999743e-01
4.083999999999999853e-01
3.084000000000000075e-01
3.423999999999999821e-01
3.847999999999999754e-01
3.684000000000000052e-01
2.832000000000000073e-01
2.968000000000000083e-01
2.772000000000000020e-01
3.623999999999999999e-01
4.203999999999999959e-01
3.284000000000000252e-01
3.171999999999999820e-01
3.360000000000000209e-01
3.360000000000000209e-01
3.403999999999999804e-01
4.788000000000000034e-01
2.892000000000000126e-01
3.048000000000000154e-01
3.280000000000000138e-01
4.743999999999999884e-01
4.099999999999999756e-01
4.551999999999999935e-01
3.035999999999999810e-01
3.731999999999999762e-01
2.819999999999999729e-01
3.963999999999999746e-01
3.276000000000000023e-01
3.396000000000000130e-01
3.860000000000000098e-01
4.759999999999999787e-01
3.044000000000000039e-01
3.711999999999999744e-01
3.307999999999999829e-01
3.719999999999999973e-01
3.715999999999999859e-01
3.548000000000000043e-01
3.528000000000000025e-01
3.400000000000000244e-01
3.416000000000000147e-01
4.116000000000000214e-01
3.119999999999999996e-01
4.255999999999999783e-01
