5.577777777777778168e-01
3.533333333333333326e-01
3.328888888888889008e-01
3.051111111111111107e-01
3.793333333333333557e-01
4.555555555555555469e-01
3.619999999999999885e-01
3.271111111111111303e-01
5.173333333333333117e-01
3.826666666666666550e-01
4.273333333333333428e-01
4.484444444444444233e-01
3.575555555555555709e-01
4.182222222222222174e-01
4.319999999999999951e-01
3.833333333333333592e-01
4.313333333333333464e-01
3.333333333333333148e-01
3.113333333333333508e-01
3.368888888888889044e-01
3.155555555555555336e-01
3.053333333333333455e-01
4.288888888888888751e-01
3.408888888888889079e-01
3.666666666666666408e-01
4.828888888888888675e-01
2.728888888888889031e-01
3.091111111111111143e-01
3.682222222222222285e-01
3.280000000000000138e-01
2.999999999999999889e-01
3.553333333333333344e-01
3.808888888888888880e-01
3.506666666666666821e-01
3.593333333333333379e-01
3.213333333333333597e-01
3.693333333333333468e-01
4.731111111111110934e-01
4.504444444444444251e-01
3.220000000000000084e-01
2.879999999999999782e-01
3.153333333333333544e-01
2.891111111111110965e-01
3.451111111111110907e-01
3.884444444444444255e-01
2.531111111111111200e-01
3.157777777777777684e-01
3.233333333333333059e-01
4.102222222222222103e-01
3.564444444444444526e-01
3.671111111111111103e-01
3.828888888888888897e-01
3.900000000000000133e-01
2.966666666666666896e-01
3.448888888888889115e-01
2.800000000000000266e-01
3.771111111111111192e-01
2.613333333333333064e-01
3.431111111111110890e-01
4.482222222222222441e-01
3.526666666666666838e-01
4.231111111111111045e-01
3.728888888888888808e-01
3.122222222222222343e-01
3.755555555555555314e-01
3.086666666666666448e-01
3.928888888888888986e-01
4.328888888888888786e-01
4.291111111111111098e-01
3.004444444444444584e-01
3.562222222222222179e-01
3.271111111111111303e-01
3.231111111111111267e-01
3.313333333333333131e-01
3.811111111111111227e-01
3.226666666666666572e-01
3.459999999999999742e-01
3.940000000000000169e-01
3.282222222222222485e-01
3.042222222222222272e-01
3.459999999999999742e-01
3.768888888888888844e-01
3.162222222222222379e-01
3.011111111111111072e-01
3.240000000000000102e-01
3.106666666666666465e-01
4.013333333333333197e-01
4.104444444444444451e-01
2.755555555555555536e-01
3.479999999999999760e-01
3.226666666666666572e-01
4.008888888888889057e-01
2.637777777777777777e-01
3.586666666666666892e-01
3.679999999999999938e-01
3.471111111111110925e-01
2.695555555555555483e-01
2.771111111111110858e-01
3.715555555555555278e-01
3.966666666666666674e-01
3.735555555555555296e-01
3.115555555555555300e-01
3.960000000000000187e-01
3.037777777777777577e-01
4.906666666666666399e-01
4.002222222222222014e-01
3.551111111111110996e-01
2.928888888888888653e-01
3.093333333333333490e-01
3.702222222222222303e-01
3.077777777777777612e-01
3.146666666666666501e-01
5.220000000000000195e-01
2.935555555555555696e-01
3.131111111111111178e-01
2.813333333333333242e-01
4.660000000000000253e-01
3.968888888888889022e-01
4.122222222222222121e-01
3.266666666666666607e-01
4.304444444444444628e-01
3.775555555555555332e-01
3.882222222222222463e-01
3.435555555555555585e-01
3.584444444444444544e-01
3.273333333333333095e-01
4.795555555555555682e-01
3.664444444444444615e-01
4.251111111111111063e-01
4.628888888888889053e-01
4.177777777777778034e-01
3.368888888888889044e-01
4.520000000000000129e-01
3.275555555555555443e-01
3.224444444444444224e-01
3.559999999999999831e-01
3.328888888888889008e-01
3.851111111111111263e-01
4.008888888888889057e-01
2.948888888888888671e-01
3.304444444444444295e-01
2.875555555555555642e-01
3.342222222222221983e-01
4.244444444444444575e-01
3.726666666666666461e-01
3.571111111111111014e-01
3.684444444444444633e-01
3.624444444444444580e-01
2.891111111111110965e-01
3.268888888888888955e-01
3.602222222222222214e-01
2.935555555555555696e-01
2.991111111111111054e-01
4.586666666666666670e-01
3.648888888888888737e-01
2.919999999999999818e-01
3.944444444444444309e-01
2.768888888888889066e-01
4.397777777777777675e-01
2.724444444444444335e-01
3.097777777777777630e-01
3.099999999999999978e-01
3.404444444444444384e-01
4.051111111111110885e-01
3.622222222222222232e-01
3.324444444444444313e-01
2.946666666666666878e-01
3.895555555555555438e-01
2.788888888888889084e-01
3.344444444444444331e-01
4.528888888888888964e-01
3.317777777777777826e-01
3.835555555555555385e-01
3.555555555555555691e-01
3.362222222222222001e-01
3.840000000000000080e-01
2.606666666666666576e-01
3.686666666666666425e-01
3.382222222222222019e-01
2.868888888888889155e-01
4.420000000000000040e-01
2.993333333333333401e-01
3.635555555555555762e-01
2.933333333333333348e-01
4.444444444444444198e-01
2.871111111111110947e-01
3.200000000000000067e-01
4.815555555555555700e-01
2.979999999999999871e-01
3.084444444444444655e-01
2.831111111111110912e-01
3.597777777777777519e-01
3.944444444444444309e-01
2.991111111111111054e-01
3.151111111111111196e-01
2.682222222222221952e-01
2.966666666666666896e-01
3.937777777777777821e-01
3.271111111111111303e-01
3.486666666666666803e-01
4.435555555555555363e-01
4.962222222222222312e-01
3.526666666666666838e-01
3.800000000000000044e-01
3.613333333333333397e-01
2.731111111111111378e-01
3.140000000000000013e-01
3.375555555555555531e-01
3.962222222222221979e-01
2.991111111111111054e-01
3.733333333333333504e-01
4.128888888888889164e-01
3.737777777777777644e-01
2.868888888888889155e-01
3.511111111111110961e-01
3.782222222222222374e-01
3.655555555555555780e-01
2.702222222222221970e-01
3.453333333333333255e-01
2.964444444444444549e-01
4.824444444444444535e-01
3.797777777777777697e-01
5.706666666666666554e-01
3.708888888888888791e-01
3.860000000000000098e-01
4.088888888888889128e-01
3.593333333333333379e-01
3.677777777777777590e-01
4.162222222222222157e-01
3.739999999999999991e-01
3.366666666666666696e-01
3.177777777777777701e-01
3.933333333333333126e-01
3.631111111111111067e-01
3.877777777777777768e-01
3.593333333333333379e-01
3.493333333333333290e-01
3.797777777777777697e-01
3.175555555555555354e-01
3.148888888888888848e-01
4.073333333333333250e-01
3.308888888888888991e-01
3.951111111111111351e-01
4.408888888888888857e-01
3.497777777777777986e-01
3.104444444444444673e-01
4.033333333333333215e-01
3.128888888888888831e-01
3.144444444444444708e-01
4.137777777777777999e-01
2.788888888888889084e-01
2.600000000000000089e-01
3.151111111111111196e-01
3.597777777777777519e-01
4.186666666666666869e-01
3.519999999999999796e-01
2.968888888888888689e-01
3.324444444444444313e-01
3.175555555555555354e-01
3.693333333333333468e-01
2.851111111111110930e-01
3.584444444444444544e-01
3.813333333333333575e-01
3.011111111111111072e-01
3.137777777777777666e-01
3.891111111111111298e-01
5.140000000000000124e-01
2.857777777777777972e-01
3.706666666666666443e-01
3.973333333333333162e-01
4.182222222222222174e-01
3.571111111111111014e-01
2.815555555555555589e-01
3.693333333333333468e-01
3.571111111111111014e-01
4.133333333333333304e-01
3.502222222222222126e-01
3.226666666666666572e-01
3.462222222222222090e-01
2.737777777777777866e-01
4.851111111111111041e-01
3.693333333333333468e-01
3.248888888888888937e-01
3.479999999999999760e-01
2.828888888888889119e-01
3.282222222222222485e-01
3.888888888888888951e-01
3.735555555555555296e-01
3.464444444444444438e-01
3.037777777777777577e-01
3.968888888888889022e-01
3.286666666666666625e-01
3.537777777777778021e-01
3.291111111111111320e-01
3.495555555555555638e-01
2.757777777777777883e-01
3.400000000000000244e-01
4.613333333333333175e-01
3.333333333333333148e-01
2.693333333333333135e-01
3.475555555555555620e-01
3.268888888888888955e-01
3.595555555555555727e-01
3.406666666666666732e-01
3.595555555555555727e-01
2.873333333333333295e-01
3.217777777777777737e-01
4.739999999999999769e-01
2.986666666666666914e-01
3.135555555555555318e-01
3.180000000000000049e-01
3.493333333333333290e-01
3.657777777777777573e-01
3.455555555555555602e-01
3.028888888888888742e-01
4.364444444444444682e-01
3.095555555555555283e-01
2.608888888888888924e-01
3.008888888888888724e-01
3.415555555555555567e-01
4.046666666666666745e-01
2.955555555555555713e-01
3.708888888888888791e-01
3.073333333333333472e-01
4.219999999999999862e-01
3.686666666666666425e-01
2.962222222222222201e-01
3.184444444444444189e-01
3.677777777777777590e-01
3.588888888888888684e-01
2.780000000000000249e-01
3.208888888888888902e-01
3.168888888888888866e-01
3.679999999999999938e-01
3.173333333333333561e-01
3.486666666666666803e-01
4.104444444444444451e-01
3.506666666666666821e-01
4.066666666666666763e-01
3.791111111111111209e-01
2.808888888888889102e-01
3.511111111111110961e-01
4.735555555555555629e-01
3.471111111111110925e-01
3.382222222222222019e-01
2.942222222222222183e-01
4.062222222222222068e-01
3.131111111111111178e-01
2.580000000000000071e-01
3.182222222222222396e-01
3.442222222222222072e-01
3.451111111111110907e-01
3.584444444444444544e-01
3.302222222222221948e-01
3.704444444444444651e-01
2.846666666666666790e-01
3.891111111111111298e-01
3.502222222222222126e-01
3.317777777777777826e-01
3.024444444444444602e-01
2.624444444444444247e-01
3.513333333333333308e-01
3.982222222222221997e-01
3.695555555555555816e-01
3.406666666666666732e-01
3.424444444444444402e-01
3.031111111111111089e-01
2.642222222222222472e-01
3.997777777777777874e-01
3.571111111111111014e-01
3.895555555555555438e-01
3.404444444444444384e-01
3.148888888888888848e-01
3.251111111111111285e-01
3.411111111111110872e-01
4.333333333333333481e-01
3.357777777777777861e-01
3.951111111111111351e-01
3.315555555555555478e-01
3.348888888888889026e-01
3.293333333333333113e-01
2.922222222222222165e-01
3.006666666666666932e-01
2.882222222222222130e-01
4.333333333333333481e-01
3.166666666666666519e-01
3.942222222222221961e-01
3.631111111111111067e-01
3.457777777777777950e-01
3.404444444444444384e-01
3.335555555555555496e-01
3.122222222222222343e-01
3.608888888888888702e-01
2.753333333333333188e-01
3.191111111111111232e-01
3.031111111111111089e-01
3.013333333333333419e-01
4.337777777777777621e-01
4.171111111111110992e-01
3.126666666666666483e-01
3.300000000000000155e-01
3.508888888888888613e-01
3.380000000000000226e-01
2.931111111111111001e-01
3.028888888888888742e-01
3.768888888888888844e-01
3.788888888888888862e-01
3.975555555555555509e-01
3.148888888888888848e-01
3.719999999999999973e-01
2.533333333333333548e-01
3.286666666666666625e-01
3.079999999999999960e-01
4.286666666666666403e-01
3.617777777777777537e-01
2.804444444444444406e-01
2.766666666666666718e-01
4.799999999999999822e-01
2.660000000000000142e-01
3.413333333333333219e-01
3.162222222222222379e-01
3.233333333333333059e-01
2.899999999999999800e-01
4.026666666666666727e-01
4.202222222222222192e-01
2.680000000000000160e-01
3.031111111111111089e-01
3.453333333333333255e-01
3.004444444444444584e-01
3.524444444444444491e-01
3.366666666666666696e-01
3.195555555555555372e-01
2.993333333333333401e-01
2.982222222222222219e-01
3.880000000000000115e-01
4.257777777777777550e-01
4.884444444444444589e-01
3.091111111111111143e-01
3.855555555555555403e-01
4.251111111111111063e-01
2.566666666666666541e-01
3.782222222222222374e-01
3.064444444444444637e-01
2.819999999999999729e-01
3.091111111111111143e-01
3.357777777777777861e-01
3.126666666666666483e-01
3.368888888888889044e-01
3.582222222222222197e-01
3.577777777777777501e-01
3.786666666666666514e-01
2.913333333333333330e-01
3.077777777777777612e-01
3.035555555555555785e-01
3.144444444444444708e-01
3.751111111111111174e-01
2.642222222222222472e-01
4.788888888888888640e-01
4.151111111111110974e-01
2.864444444444444460e-01
3.215555555555555389e-01
3.448888888888889115e-01
3.413333333333333219e-01
3.497777777777777986e-01
3.642222222222222250e-01
3.026666666666666394e-01
3.377777777777777879e-01
3.117777777777777648e-01
2.859999999999999765e-01
3.206666666666666554e-01
3.482222222222222108e-01
2.848888888888889137e-01
4.515555555555555434e-01
2.720000000000000195e-01
2.873333333333333295e-01
2.979999999999999871e-01
3.591111111111111032e-01
3.462222222222222090e-01
3.271111111111111303e-01
3.895555555555555438e-01
3.506666666666666821e-01
2.973333333333333384e-01
2.662222222222222490e-01
3.055555555555555802e-01
3.084444444444444655e-01
2.922222222222222165e-01
2.851111111111110930e-01
2.668888888888888977e-01
3.417777777777777914e-01
3.375555555555555531e-01
3.302222222222221948e-01
4.348888888888888804e-01
4.633333333333333193e-01
3.064444444444444637e-01
3.073333333333333472e-01
3.473333333333333273e-01
3.633333333333333415e-01
3.951111111111111351e-01
3.631111111111111067e-01
3.111111111111111160e-01
3.288888888888888973e-01
3.966666666666666674e-01
5.408888888888888635e-01
3.602222222222222214e-01
3.355555555555555514e-01
3.662222222222222268e-01
2.791111111111110876e-01
3.928888888888888986e-01
3.215555555555555389e-01
3.653333333333333433e-01
4.035555555555555562e-01
3.197777777777777719e-01
3.504444444444444473e-01
2.842222222222222094e-01
3.304444444444444295e-01
3.086666666666666448e-01
3.006666666666666932e-01
3.742222222222222339e-01
3.355555555555555514e-01
2.873333333333333295e-01
3.373333333333333184e-01
3.517777777777778003e-01
2.766666666666666718e-01
3.688888888888888773e-01
2.906666666666666843e-01
5.257777777777777883e-01
3.071111111111111125e-01
2.551111111111111218e-01
4.540000000000000147e-01
3.820000000000000062e-01
3.871111111111111280e-01
3.448888888888889115e-01
4.282222222222222263e-01
3.840000000000000080e-01
3.137777777777777666e-01
3.413333333333333219e-01
3.260000000000000120e-01
2.773333333333333206e-01
3.853333333333333610e-01
3.311111111111111338e-01
3.182222222222222396e-01
3.400000000000000244e-01
3.626666666666666927e-01
2.975555555555555731e-01
4.002222222222222014e-01
3.575555555555555709e-01
3.622222222222222232e-01
3.804444444444444184e-01
3.413333333333333219e-01
3.420000000000000262e-01
2.919999999999999818e-01
3.546666666666666856e-01
3.148888888888888848e-01
2.977777777777777524e-01
3.184444444444444189e-01
2.762222222222222023e-01
4.724444444444444446e-01
3.437777777777777932e-01
3.322222222222221966e-01
3.119999999999999996e-01
3.197777777777777719e-01
3.986666666666666692e-01
2.951111111111111018e-01
3.364444444444444349e-01
3.395555555555555549e-01
3.357777777777777861e-01
2.935555555555555696e-01
3.897777777777777786e-01
3.248888888888888937e-01
2.604444444444444229e-01
2.722222222222221988e-01
3.771111111111111192e-01
3.093333333333333490e-01
3.231111111111111267e-01
3.708888888888888791e-01
3.871111111111111280e-01
4.299999999999999933e-01
2.737777777777777866e-01
2.924444444444444513e-01
3.157777777777777684e-01
3.793333333333333557e-01
3.064444444444444637e-01
3.104444444444444673e-01
5.235555555555555518e-01
3.966666666666666674e-01
3.651111111111111085e-01
4.239999999999999880e-01
2.991111111111111054e-01
3.417777777777777914e-01
3.308888888888888991e-01
3.924444444444444291e-01
3.608888888888888702e-01
3.980000000000000204e-01
3.880000000000000115e-01
3.317777777777777826e-01
2.911111111111110983e-01
4.553333333333333122e-01
3.588888888888888684e-01
3.664444444444444615e-01
4.253333333333333410e-01
3.088888888888888795e-01
