5.364999999999999769e-01
3.714999999999999969e-01
4.510000000000000120e-01
3.945000000000000173e-01
4.020000000000000240e-01
5.500000000000000444e-01
4.334999999999999964e-01
4.264999999999999902e-01
4.344999999999999973e-01
3.940000000000000169e-01
3.499999999999999778e-01
4.334999999999999964e-01
3.860000000000000098e-01
4.694999999999999729e-01
3.270000000000000129e-01
3.340000000000000191e-01
4.510000000000000120e-01
3.699999999999999956e-01
3.750000000000000000e-01
3.484999999999999765e-01
4.144999999999999796e-01
3.255000000000000115e-01
3.880000000000000115e-01
4.510000000000000120e-01
3.679999999999999938e-01
4.189999999999999836e-01
4.000000000000000222e-01
3.815000000000000058e-01
3.765000000000000013e-01
3.295000000000000151e-01
3.125000000000000000e-01
3.990000000000000213e-01
3.345000000000000195e-01
3.360000000000000209e-01
3.195000000000000062e-01
5.514999999999999902e-01
4.605000000000000204e-01
3.325000000000000178e-01
4.465000000000000080e-01
3.469999999999999751e-01
3.335000000000000187e-01
3.415000000000000258e-01
2.790000000000000258e-01
3.549999999999999822e-01
4.460000000000000075e-01
3.524999999999999800e-01
3.444999999999999729e-01
3.160000000000000031e-01
3.489999999999999769e-01
3.425000000000000266e-01
3.464999999999999747e-01
3.170000000000000040e-01
3.009999999999999898e-01
3.529999999999999805e-01
2.859999999999999765e-01
4.154999999999999805e-01
4.349999999999999978e-01
3.965000000000000191e-01
4.154999999999999805e-01
3.504999999999999782e-01
4.565000000000000169e-01
4.229999999999999871e-01
4.015000000000000235e-01
3.004999999999999893e-01
3.150000000000000022e-01
3.694999999999999951e-01
3.210000000000000075e-01
3.449999999999999734e-01
3.104999999999999982e-01
3.760000000000000009e-01
3.770000000000000018e-01
4.114999999999999769e-01
3.985000000000000209e-01
3.145000000000000018e-01
3.275000000000000133e-01
4.124999999999999778e-01
3.770000000000000018e-01
3.684999999999999942e-01
5.544999999999999929e-01
2.780000000000000249e-01
4.665000000000000258e-01
3.504999999999999782e-01
3.220000000000000084e-01
3.155000000000000027e-01
4.060000000000000275e-01
3.985000000000000209e-01
2.839999999999999747e-01
2.934999999999999831e-01
3.494999999999999774e-01
3.614999999999999880e-01
2.969999999999999862e-01
3.225000000000000089e-01
2.904999999999999805e-01
4.535000000000000142e-01
3.579999999999999849e-01
3.524999999999999800e-01
3.395000000000000240e-01
3.355000000000000204e-01
3.335000000000000187e-01
4.134999999999999787e-01
3.295000000000000151e-01
3.619999999999999885e-01
4.505000000000000115e-01
4.069999999999999729e-01
3.250000000000000111e-01
3.474999999999999756e-01
3.709999999999999964e-01
3.699999999999999956e-01
3.270000000000000129e-01
3.250000000000000111e-01
3.420000000000000262e-01
4.149999999999999800e-01
3.310000000000000164e-01
3.865000000000000102e-01
2.974999999999999867e-01
3.220000000000000084e-01
3.830000000000000071e-01
4.129999999999999782e-01
3.760000000000000009e-01
4.829999999999999849e-01
4.259999999999999898e-01
2.889999999999999791e-01
3.190000000000000058e-01
3.674999999999999933e-01
2.884999999999999787e-01
3.380000000000000226e-01
3.039999999999999925e-01
3.835000000000000075e-01
3.674999999999999933e-01
3.739999999999999991e-01
3.469999999999999751e-01
3.679999999999999938e-01
3.104999999999999982e-01
3.464999999999999747e-01
3.529999999999999805e-01
2.630000000000000115e-01
2.894999999999999796e-01
4.909999999999999920e-01
4.274999999999999911e-01
2.999999999999999889e-01
3.624999999999999889e-01
2.894999999999999796e-01
3.955000000000000182e-01
2.775000000000000244e-01
4.005000000000000226e-01
4.420000000000000040e-01
3.599999999999999867e-01
3.380000000000000226e-01
3.225000000000000089e-01
3.579999999999999849e-01
3.714999999999999969e-01
3.245000000000000107e-01
3.250000000000000111e-01
4.104999999999999760e-01
3.119999999999999996e-01
3.970000000000000195e-01
4.420000000000000040e-01
3.684999999999999942e-01
2.984999999999999876e-01
3.875000000000000111e-01
3.750000000000000000e-01
3.930000000000000160e-01
4.040000000000000258e-01
4.179999999999999827e-01
3.479999999999999760e-01
3.135000000000000009e-01
4.535000000000000142e-01
3.865000000000000102e-01
3.940000000000000169e-01
3.315000000000000169e-01
4.415000000000000036e-01
3.205000000000000071e-01
2.874999999999999778e-01
4.914999999999999925e-01
3.950000000000000178e-01
3.310000000000000164e-01
3.114999999999999991e-01
4.615000000000000213e-01
3.850000000000000089e-01
4.119999999999999774e-01
2.819999999999999729e-01
3.029999999999999916e-01
3.380000000000000226e-01
3.345000000000000195e-01
3.599999999999999867e-01
2.810000000000000275e-01
4.304999999999999938e-01
4.129999999999999782e-01
5.675000000000000044e-01
3.225000000000000089e-01
4.174999999999999822e-01
3.435000000000000275e-01
3.699999999999999956e-01
3.104999999999999982e-01
3.230000000000000093e-01
4.020000000000000240e-01
3.674999999999999933e-01
3.594999999999999862e-01
3.305000000000000160e-01
3.684999999999999942e-01
4.339999999999999969e-01
3.325000000000000178e-01
3.890000000000000124e-01
3.380000000000000226e-01
3.709999999999999964e-01
4.749999999999999778e-01
4.045000000000000262e-01
3.215000000000000080e-01
3.689999999999999947e-01
3.310000000000000164e-01
3.619999999999999885e-01
2.710000000000000187e-01
3.019999999999999907e-01
3.205000000000000071e-01
4.615000000000000213e-01
3.499999999999999778e-01
3.135000000000000009e-01
4.124999999999999778e-01
3.180000000000000049e-01
4.154999999999999805e-01
4.395000000000000018e-01
3.594999999999999862e-01
3.310000000000000164e-01
3.699999999999999956e-01
3.044999999999999929e-01
3.079999999999999960e-01
4.219999999999999862e-01
3.674999999999999933e-01
3.990000000000000213e-01
3.114999999999999991e-01
4.254999999999999893e-01
3.604999999999999871e-01
3.064999999999999947e-01
3.850000000000000089e-01
4.364999999999999991e-01
4.540000000000000147e-01
3.800000000000000044e-01
3.439999999999999725e-01
2.894999999999999796e-01
2.700000000000000178e-01
3.805000000000000049e-01
3.940000000000000169e-01
4.425000000000000044e-01
4.079999999999999738e-01
3.004999999999999893e-01
3.589999999999999858e-01
3.539999999999999813e-01
4.480000000000000093e-01
2.944999999999999840e-01
3.130000000000000004e-01
3.405000000000000249e-01
3.935000000000000164e-01
2.974999999999999867e-01
4.279999999999999916e-01
3.330000000000000182e-01
3.200000000000000067e-01
3.760000000000000009e-01
2.834999999999999742e-01
4.144999999999999796e-01
3.275000000000000133e-01
3.215000000000000080e-01
3.920000000000000151e-01
4.299999999999999933e-01
4.094999999999999751e-01
3.415000000000000258e-01
5.350000000000000311e-01
3.089999999999999969e-01
3.529999999999999805e-01
3.890000000000000124e-01
3.885000000000000120e-01
3.109999999999999987e-01
3.315000000000000169e-01
3.074999999999999956e-01
4.184999999999999831e-01
3.855000000000000093e-01
3.109999999999999987e-01
4.734999999999999765e-01
2.949999999999999845e-01
4.339999999999999969e-01
3.704999999999999960e-01
3.430000000000000271e-01
3.750000000000000000e-01
2.899999999999999800e-01
3.499999999999999778e-01
4.129999999999999782e-01
4.309999999999999942e-01
3.410000000000000253e-01
4.329999999999999960e-01
4.264999999999999902e-01
5.729999999999999538e-01
3.355000000000000204e-01
4.734999999999999765e-01
3.704999999999999960e-01
2.999999999999999889e-01
4.435000000000000053e-01
3.350000000000000200e-01
3.135000000000000009e-01
3.024999999999999911e-01
3.780000000000000027e-01
2.939999999999999836e-01
3.089999999999999969e-01
3.534999999999999809e-01
3.920000000000000151e-01
3.165000000000000036e-01
3.739999999999999991e-01
3.449999999999999734e-01
3.380000000000000226e-01
3.479999999999999760e-01
2.929999999999999827e-01
3.165000000000000036e-01
4.109999999999999765e-01
3.074999999999999956e-01
4.194999999999999840e-01
3.810000000000000053e-01
3.444999999999999729e-01
4.099999999999999756e-01
3.549999999999999822e-01
3.659999999999999920e-01
4.284999999999999920e-01
4.685000000000000275e-01
3.024999999999999911e-01
3.029999999999999916e-01
3.350000000000000200e-01
4.289999999999999925e-01
3.619999999999999885e-01
4.385000000000000009e-01
2.869999999999999774e-01
4.625000000000000222e-01
3.920000000000000151e-01
4.045000000000000262e-01
3.564999999999999836e-01
4.314999999999999947e-01
4.174999999999999822e-01
3.624999999999999889e-01
4.045000000000000262e-01
3.589999999999999858e-01
3.830000000000000071e-01
3.084999999999999964e-01
2.730000000000000204e-01
3.694999999999999951e-01
3.305000000000000160e-01
2.979999999999999871e-01
3.619999999999999885e-01
3.514999999999999791e-01
3.270000000000000129e-01
3.205000000000000071e-01
3.360000000000000209e-01
3.310000000000000164e-01
3.815000000000000058e-01
2.924999999999999822e-01
3.975000000000000200e-01
3.689999999999999947e-01
3.029999999999999916e-01
3.240000000000000102e-01
3.760000000000000009e-01
3.350000000000000200e-01
4.779999999999999805e-01
3.125000000000000000e-01
2.919999999999999818e-01
2.939999999999999836e-01
3.534999999999999809e-01
3.099999999999999978e-01
3.860000000000000098e-01
4.354999999999999982e-01
3.185000000000000053e-01
3.609999999999999876e-01
3.054999999999999938e-01
3.890000000000000124e-01
4.914999999999999925e-01
5.544999999999999929e-01
3.724999999999999978e-01
4.134999999999999787e-01
4.069999999999999729e-01
3.335000000000000187e-01
4.929999999999999938e-01
3.739999999999999991e-01
3.099999999999999978e-01
4.124999999999999778e-01
4.410000000000000031e-01
4.615000000000000213e-01
3.099999999999999978e-01
4.380000000000000004e-01
2.979999999999999871e-01
3.435000000000000275e-01
3.459999999999999742e-01
2.680000000000000160e-01
3.519999999999999796e-01
4.214999999999999858e-01
3.385000000000000231e-01
3.755000000000000004e-01
3.584999999999999853e-01
3.765000000000000013e-01
2.615000000000000102e-01
2.889999999999999791e-01
3.514999999999999791e-01
2.765000000000000235e-01
2.859999999999999765e-01
3.709999999999999964e-01
5.284999999999999698e-01
3.940000000000000169e-01
4.074999999999999734e-01
3.980000000000000204e-01
3.649999999999999911e-01
3.449999999999999734e-01
2.775000000000000244e-01
3.669999999999999929e-01
4.010000000000000231e-01
4.605000000000000204e-01
3.880000000000000115e-01
3.765000000000000013e-01
3.400000000000000244e-01
3.230000000000000093e-01
3.004999999999999893e-01
3.360000000000000209e-01
3.039999999999999925e-01
2.834999999999999742e-01
5.689999999999999503e-01
3.604999999999999871e-01
3.865000000000000102e-01
3.320000000000000173e-01
3.569999999999999840e-01
3.215000000000000080e-01
2.939999999999999836e-01
3.019999999999999907e-01
2.954999999999999849e-01
4.179999999999999827e-01
3.330000000000000182e-01
5.204999999999999627e-01
3.940000000000000169e-01
3.225000000000000089e-01
4.420000000000000040e-01
3.489999999999999769e-01
3.310000000000000164e-01
3.059999999999999942e-01
2.795000000000000262e-01
3.125000000000000000e-01
3.365000000000000213e-01
3.355000000000000204e-01
3.370000000000000218e-01
3.135000000000000009e-01
3.484999999999999765e-01
3.150000000000000022e-01
2.780000000000000249e-01
3.444999999999999729e-01
2.949999999999999845e-01
3.975000000000000200e-01
3.385000000000000231e-01
2.949999999999999845e-01
3.539999999999999813e-01
3.400000000000000244e-01
3.335000000000000187e-01
3.619999999999999885e-01
3.265000000000000124e-01
3.009999999999999898e-01
4.819999999999999840e-01
3.435000000000000275e-01
3.245000000000000107e-01
3.564999999999999836e-01
3.069999999999999951e-01
4.709999999999999742e-01
3.484999999999999765e-01
4.045000000000000262e-01
3.054999999999999938e-01
3.255000000000000115e-01
3.514999999999999791e-01
3.990000000000000213e-01
3.699999999999999956e-01
2.914999999999999813e-01
3.114999999999999991e-01
3.644999999999999907e-01
2.879999999999999782e-01
2.765000000000000235e-01
4.010000000000000231e-01
3.310000000000000164e-01
3.029999999999999916e-01
3.024999999999999911e-01
3.059999999999999942e-01
4.415000000000000036e-01
3.699999999999999956e-01
3.074999999999999956e-01
3.890000000000000124e-01
3.820000000000000062e-01
3.704999999999999960e-01
2.849999999999999756e-01
3.514999999999999791e-01
3.275000000000000133e-01
4.010000000000000231e-01
3.295000000000000151e-01
3.390000000000000235e-01
3.955000000000000182e-01
3.464999999999999747e-01
3.255000000000000115e-01
3.410000000000000253e-01
3.985000000000000209e-01
3.770000000000000018e-01
4.050000000000000266e-01
2.655000000000000138e-01
4.635000000000000231e-01
3.360000000000000209e-01
2.854999999999999760e-01
3.190000000000000058e-01
3.280000000000000138e-01
3.104999999999999982e-01
4.540000000000000147e-01
3.519999999999999796e-01
3.415000000000000258e-01
3.350000000000000200e-01
3.564999999999999836e-01
3.024999999999999911e-01
3.109999999999999987e-01
2.790000000000000258e-01
4.420000000000000040e-01
2.819999999999999729e-01
3.265000000000000124e-01
3.290000000000000147e-01
2.745000000000000218e-01
3.830000000000000071e-01
3.425000000000000266e-01
3.820000000000000062e-01
2.949999999999999845e-01
3.654999999999999916e-01
3.634999999999999898e-01
2.675000000000000155e-01
3.245000000000000107e-01
3.415000000000000258e-01
3.835000000000000075e-01
2.545000000000000040e-01
2.824999999999999734e-01
3.860000000000000098e-01
2.969999999999999862e-01
4.600000000000000200e-01
2.810000000000000275e-01
2.919999999999999818e-01
3.285000000000000142e-01
2.810000000000000275e-01
4.194999999999999840e-01
3.155000000000000027e-01
3.790000000000000036e-01
3.099999999999999978e-01
4.410000000000000031e-01
3.870000000000000107e-01
4.339999999999999969e-01
3.130000000000000004e-01
3.039999999999999925e-01
2.909999999999999809e-01
4.109999999999999765e-01
4.794999999999999818e-01
3.785000000000000031e-01
3.850000000000000089e-01
4.490000000000000102e-01
3.170000000000000040e-01
2.780000000000000249e-01
2.984999999999999876e-01
3.365000000000000213e-01
3.165000000000000036e-01
4.390000000000000013e-01
3.659999999999999920e-01
2.989999999999999880e-01
3.449999999999999734e-01
4.119999999999999774e-01
4.749999999999999778e-01
2.979999999999999871e-01
2.814999999999999725e-01
3.415000000000000258e-01
4.079999999999999738e-01
3.499999999999999778e-01
3.195000000000000062e-01
3.479999999999999760e-01
3.185000000000000053e-01
3.275000000000000133e-01
3.300000000000000155e-01
3.679999999999999938e-01
3.504999999999999782e-01
3.190000000000000058e-01
3.579999999999999849e-01
4.385000000000000009e-01
4.045000000000000262e-01
3.210000000000000075e-01
4.025000000000000244e-01
3.215000000000000080e-01
3.275000000000000133e-01
3.235000000000000098e-01
4.299999999999999933e-01
2.770000000000000240e-01
2.899999999999999800e-01
3.220000000000000084e-01
3.049999999999999933e-01
3.554999999999999827e-01
4.179999999999999827e-01
4.515000000000000124e-01
3.350000000000000200e-01
4.415000000000000036e-01
3.554999999999999827e-01
2.439999999999999947e-01
2.824999999999999734e-01
3.900000000000000133e-01
3.310000000000000164e-01
3.574999999999999845e-01
3.340000000000000191e-01
4.540000000000000147e-01
5.534999999999999920e-01
3.069999999999999951e-01
3.990000000000000213e-01
2.775000000000000244e-01
3.830000000000000071e-01
3.865000000000000102e-01
2.555000000000000049e-01
3.125000000000000000e-01
4.364999999999999991e-01
2.775000000000000244e-01
4.510000000000000120e-01
3.320000000000000173e-01
3.840000000000000080e-01
3.130000000000000004e-01
3.109999999999999987e-01
4.979999999999999982e-01
2.964999999999999858e-01
3.554999999999999827e-01
4.149999999999999800e-01
2.999999999999999889e-01
3.375000000000000222e-01
3.240000000000000102e-01
3.099999999999999978e-01
4.079999999999999738e-01
3.400000000000000244e-01
3.805000000000000049e-01
2.984999999999999876e-01
3.360000000000000209e-01
4.804999999999999827e-01
3.310000000000000164e-01
3.965000000000000191e-01
3.004999999999999893e-01
2.999999999999999889e-01
3.335000000000000187e-01
4.259999999999999898e-01
4.839999999999999858e-01
3.780000000000000027e-01
3.925000000000000155e-01
3.019999999999999907e-01
3.270000000000000129e-01
2.884999999999999787e-01
3.250000000000000111e-01
3.270000000000000129e-01
4.025000000000000244e-01
3.739999999999999991e-01
3.885000000000000120e-01
3.549999999999999822e-01
3.509999999999999787e-01
3.039999999999999925e-01
3.350000000000000200e-01
3.564999999999999836e-01
3.464999999999999747e-01
3.200000000000000067e-01
3.699999999999999956e-01
2.914999999999999813e-01
3.714999999999999969e-01
3.125000000000000000e-01
4.510000000000000120e-01
3.755000000000000004e-01
2.924999999999999822e-01
3.519999999999999796e-01
3.235000000000000098e-01
4.739999999999999769e-01
2.675000000000000155e-01
3.330000000000000182e-01
4.500000000000000111e-01
4.369999999999999996e-01
4.309999999999999942e-01
4.445000000000000062e-01
3.275000000000000133e-01
4.994999999999999996e-01
5.224999999999999645e-01
2.745000000000000218e-01
3.679999999999999938e-01
3.390000000000000235e-01
4.025000000000000244e-01
3.895000000000000129e-01
4.094999999999999751e-01
3.900000000000000133e-01
3.119999999999999996e-01
4.064999999999999725e-01
3.719999999999999973e-01
3.669999999999999929e-01
3.835000000000000075e-01
3.664999999999999925e-01
3.195000000000000062e-01
3.350000000000000200e-01
3.089999999999999969e-01
3.024999999999999911e-01
4.045000000000000262e-01
3.420000000000000262e-01
3.245000000000000107e-01
3.765000000000000013e-01
2.879999999999999782e-01
2.929999999999999827e-01
5.030000000000000027e-01
3.579999999999999849e-01
5.785000000000000142e-01
2.939999999999999836e-01
4.084999999999999742e-01
3.674999999999999933e-01
3.925000000000000155e-01
3.210000000000000075e-01
3.890000000000000124e-01
3.405000000000000249e-01
3.125000000000000000e-01
3.180000000000000049e-01
3.135000000000000009e-01
3.400000000000000244e-01
3.380000000000000226e-01
3.729999999999999982e-01
3.425000000000000266e-01
3.280000000000000138e-01
3.569999999999999840e-01
3.644999999999999907e-01
4.590000000000000191e-01
3.029999999999999916e-01
3.459999999999999742e-01
3.900000000000000133e-01
3.235000000000000098e-01
3.009999999999999898e-01
3.975000000000000200e-01
4.025000000000000244e-01
3.255000000000000115e-01
3.810000000000000053e-01
3.539999999999999813e-01
3.509999999999999787e-01
3.275000000000000133e-01
3.410000000000000253e-01
3.830000000000000071e-01
3.225000000000000089e-01
3.579999999999999849e-01
3.474999999999999756e-01
3.029999999999999916e-01
3.044999999999999929e-01
3.945000000000000173e-01
3.325000000000000178e-01
3.104999999999999982e-01
3.315000000000000169e-01
3.704999999999999960e-01
3.679999999999999938e-01
3.970000000000000195e-01
3.459999999999999742e-01
2.884999999999999787e-01
3.084999999999999964e-01
3.375000000000000222e-01
4.114999999999999769e-01
3.190000000000000058e-01
3.350000000000000200e-01
3.140000000000000013e-01
3.619999999999999885e-01
4.020000000000000240e-01
3.320000000000000173e-01
3.574999999999999845e-01
3.079999999999999960e-01
2.949999999999999845e-01
3.330000000000000182e-01
4.149999999999999800e-01
2.735000000000000209e-01
3.489999999999999769e-01
3.719999999999999973e-01
3.160000000000000031e-01
3.079999999999999960e-01
3.039999999999999925e-01
4.239999999999999880e-01
3.200000000000000067e-01
3.800000000000000044e-01
3.719999999999999973e-01
2.795000000000000262e-01
3.975000000000000200e-01
3.094999999999999973e-01
4.719999999999999751e-01
2.834999999999999742e-01
3.185000000000000053e-01
3.865000000000000102e-01
3.474999999999999756e-01
4.555000000000000160e-01
4.204999999999999849e-01
3.900000000000000133e-01
3.300000000000000155e-01
3.649999999999999911e-01
3.029999999999999916e-01
3.130000000000000004e-01
3.109999999999999987e-01
3.285000000000000142e-01
4.154999999999999805e-01
4.005000000000000226e-01
4.204999999999999849e-01
3.315000000000000169e-01
4.939999999999999947e-01
3.375000000000000222e-01
4.269999999999999907e-01
3.260000000000000120e-01
3.534999999999999809e-01
2.959999999999999853e-01
2.934999999999999831e-01
3.694999999999999951e-01
4.025000000000000244e-01
4.565000000000000169e-01
4.179999999999999827e-01
4.625000000000000222e-01
4.294999999999999929e-01
3.729999999999999982e-01
4.045000000000000262e-01
3.714999999999999969e-01
3.385000000000000231e-01
3.935000000000000164e-01
3.479999999999999760e-01
3.325000000000000178e-01
3.290000000000000147e-01
3.094999999999999973e-01
3.375000000000000222e-01
3.815000000000000058e-01
3.805000000000000049e-01
3.524999999999999800e-01
2.775000000000000244e-01
3.965000000000000191e-01
3.009999999999999898e-01
3.519999999999999796e-01
2.899999999999999800e-01
3.420000000000000262e-01
4.179999999999999827e-01
2.939999999999999836e-01
4.025000000000000244e-01
3.744999999999999996e-01
3.534999999999999809e-01
3.604999999999999871e-01
3.950000000000000178e-01
3.400000000000000244e-01
3.765000000000000013e-01
3.514999999999999791e-01
3.579999999999999849e-01
3.089999999999999969e-01
3.295000000000000151e-01
4.560000000000000164e-01
3.285000000000000142e-01
3.744999999999999996e-01
3.180000000000000049e-01
3.755000000000000004e-01
3.104999999999999982e-01
3.494999999999999774e-01
3.125000000000000000e-01
3.215000000000000080e-01
3.509999999999999787e-01
3.225000000000000089e-01
3.905000000000000138e-01
3.195000000000000062e-01
3.135000000000000009e-01
4.194999999999999840e-01
3.160000000000000031e-01
3.390000000000000235e-01
3.579999999999999849e-01
2.939999999999999836e-01
3.275000000000000133e-01
2.994999999999999885e-01
3.275000000000000133e-01
3.594999999999999862e-01
3.074999999999999956e-01
2.874999999999999778e-01
4.134999999999999787e-01
2.510000000000000009e-01
3.099999999999999978e-01
4.375000000000000000e-01
3.890000000000000124e-01
4.164999999999999813e-01
4.179999999999999827e-01
3.439999999999999725e-01
3.449999999999999734e-01
3.790000000000000036e-01
4.030000000000000249e-01
3.435000000000000275e-01
3.295000000000000151e-01
2.984999999999999876e-01
3.970000000000000195e-01
4.675000000000000266e-01
4.179999999999999827e-01
3.484999999999999765e-01
2.859999999999999765e-01
3.459999999999999742e-01
3.619999999999999885e-01
3.765000000000000013e-01
3.305000000000000160e-01
3.925000000000000155e-01
3.559999999999999831e-01
4.179999999999999827e-01
3.380000000000000226e-01
3.024999999999999911e-01
2.949999999999999845e-01
4.279999999999999916e-01
3.170000000000000040e-01
3.290000000000000147e-01
3.375000000000000222e-01
3.669999999999999929e-01
4.264999999999999902e-01
3.034999999999999920e-01
3.624999999999999889e-01
3.840000000000000080e-01
3.619999999999999885e-01
3.990000000000000213e-01
3.185000000000000053e-01
3.765000000000000013e-01
4.064999999999999725e-01
4.010000000000000231e-01
2.795000000000000262e-01
3.345000000000000195e-01
3.430000000000000271e-01
3.479999999999999760e-01
3.240000000000000102e-01
3.489999999999999769e-01
3.734999999999999987e-01
4.385000000000000009e-01
3.014999999999999902e-01
3.744999999999999996e-01
4.114999999999999769e-01
3.499999999999999778e-01
3.160000000000000031e-01
4.329999999999999960e-01
3.270000000000000129e-01
3.619999999999999885e-01
3.544999999999999818e-01
2.954999999999999849e-01
3.629999999999999893e-01
3.049999999999999933e-01
3.925000000000000155e-01
2.929999999999999827e-01
3.130000000000000004e-01
3.175000000000000044e-01
4.734999999999999765e-01
3.870000000000000107e-01
2.710000000000000187e-01
3.094999999999999973e-01
3.599999999999999867e-01
3.160000000000000031e-01
3.285000000000000142e-01
3.054999999999999938e-01
4.259999999999999898e-01
3.140000000000000013e-01
3.990000000000000213e-01
3.430000000000000271e-01
3.765000000000000013e-01
3.390000000000000235e-01
3.355000000000000204e-01
2.894999999999999796e-01
4.324999999999999956e-01
3.355000000000000204e-01
4.114999999999999769e-01
5.134999999999999565e-01
5.959999999999999742e-01
3.285000000000000142e-01
3.659999999999999920e-01
5.224999999999999645e-01
4.495000000000000107e-01
3.365000000000000213e-01
3.719999999999999973e-01
3.564999999999999836e-01
3.089999999999999969e-01
3.965000000000000191e-01
3.719999999999999973e-01
3.044999999999999929e-01
3.935000000000000164e-01
2.999999999999999889e-01
3.524999999999999800e-01
3.870000000000000107e-01
3.940000000000000169e-01
3.385000000000000231e-01
3.544999999999999818e-01
3.295000000000000151e-01
2.969999999999999862e-01
4.319999999999999951e-01
4.339999999999999969e-01
3.430000000000000271e-01
2.944999999999999840e-01
2.904999999999999805e-01
4.055000000000000271e-01
3.795000000000000040e-01
2.989999999999999880e-01
3.305000000000000160e-01
3.029999999999999916e-01
2.984999999999999876e-01
3.539999999999999813e-01
3.225000000000000089e-01
3.479999999999999760e-01
4.104999999999999760e-01
3.604999999999999871e-01
2.775000000000000244e-01
3.094999999999999973e-01
2.730000000000000204e-01
3.589999999999999858e-01
3.479999999999999760e-01
3.104999999999999982e-01
3.400000000000000244e-01
2.819999999999999729e-01
3.385000000000000231e-01
3.524999999999999800e-01
2.620000000000000107e-01
3.734999999999999987e-01
2.785000000000000253e-01
4.224999999999999867e-01
3.290000000000000147e-01
3.039999999999999925e-01
3.340000000000000191e-01
