5.340000000000000302e-01
4.053333333333333233e-01
4.500000000000000111e-01
3.940000000000000169e-01
3.599999999999999867e-01
3.546666666666666856e-01
3.719999999999999973e-01
4.546666666666666634e-01
5.220000000000000195e-01
3.599999999999999867e-01
5.686666666666666536e-01
3.493333333333333290e-01
3.333333333333333148e-01
3.920000000000000151e-01
5.620000000000000551e-01
3.673333333333333450e-01
4.440000000000000058e-01
3.813333333333333575e-01
3.633333333333333415e-01
3.566666666666666874e-01
3.719999999999999973e-01
4.566666666666666652e-01
3.880000000000000115e-01
4.339999999999999969e-01
4.773333333333333317e-01
3.153333333333333544e-01
4.173333333333333339e-01
4.440000000000000058e-01
3.806666666666666532e-01
3.439999999999999725e-01
5.153333333333333099e-01
3.793333333333333557e-01
4.239999999999999880e-01
4.506666666666666599e-01
3.846666666666666567e-01
3.013333333333333419e-01
3.613333333333333397e-01
4.299999999999999933e-01
3.479999999999999760e-01
4.266666666666666941e-01
3.626666666666666927e-01
4.206666666666666887e-01
4.526666666666666616e-01
4.173333333333333339e-01
3.226666666666666572e-01
4.239999999999999880e-01
3.693333333333333468e-01
2.939999999999999836e-01
4.159999999999999809e-01
3.486666666666666803e-01
3.400000000000000244e-01
3.566666666666666874e-01
4.033333333333333215e-01
3.706666666666666443e-01
3.746666666666666479e-01
3.300000000000000155e-01
3.346666666666666679e-01
3.333333333333333148e-01
3.173333333333333561e-01
3.340000000000000191e-01
4.813333333333333353e-01
4.973333333333333495e-01
3.746666666666666479e-01
3.546666666666666856e-01
3.566666666666666874e-01
3.566666666666666874e-01
3.559999999999999831e-01
3.246666666666666590e-01
4.046666666666666745e-01
4.766666666666666829e-01
3.013333333333333419e-01
3.146666666666666501e-01
4.680000000000000271e-01
3.420000000000000262e-01
3.466666666666666785e-01
4.926666666666666416e-01
4.026666666666666727e-01
3.213333333333333597e-01
4.133333333333333304e-01
3.780000000000000027e-01
3.586666666666666892e-01
4.926666666666666416e-01
5.080000000000000071e-01
4.573333333333333139e-01
4.593333333333333157e-01
4.253333333333333410e-01
3.873333333333333073e-01
3.906666666666666621e-01
3.079999999999999960e-01
4.833333333333333370e-01
5.406666666666666288e-01
3.966666666666666674e-01
3.886666666666666603e-01
4.253333333333333410e-01
3.686666666666666425e-01
3.513333333333333308e-01
5.333333333333333259e-01
3.466666666666666785e-01
3.026666666666666394e-01
3.886666666666666603e-01
4.020000000000000240e-01
4.366666666666666474e-01
4.640000000000000235e-01
3.086666666666666448e-01
3.266666666666666607e-01
3.426666666666666750e-01
3.880000000000000115e-01
4.279999999999999916e-01
4.279999999999999916e-01
3.380000000000000226e-01
4.506666666666666599e-01
2.746666666666666701e-01
3.793333333333333557e-01
4.093333333333333268e-01
3.880000000000000115e-01
4.979999999999999982e-01
3.659999999999999920e-01
4.040000000000000258e-01
3.599999999999999867e-01
3.420000000000000262e-01
3.813333333333333575e-01
3.153333333333333544e-01
3.820000000000000062e-01
3.193333333333333579e-01
3.226666666666666572e-01
3.006666666666666932e-01
2.886666666666666825e-01
4.219999999999999862e-01
3.260000000000000120e-01
4.053333333333333233e-01
3.473333333333333273e-01
4.053333333333333233e-01
3.386666666666666714e-01
4.913333333333333441e-01
3.366666666666666696e-01
3.073333333333333472e-01
3.826666666666666550e-01
3.400000000000000244e-01
4.779999999999999805e-01
5.300000000000000266e-01
4.033333333333333215e-01
3.739999999999999991e-01
3.439999999999999725e-01
3.559999999999999831e-01
3.780000000000000027e-01
3.226666666666666572e-01
4.540000000000000147e-01
3.920000000000000151e-01
3.699999999999999956e-01
3.906666666666666621e-01
3.459999999999999742e-01
5.746666666666666590e-01
3.380000000000000226e-01
3.273333333333333095e-01
3.073333333333333472e-01
4.466666666666666563e-01
3.546666666666666856e-01
3.659999999999999920e-01
5.020000000000000018e-01
4.233333333333333393e-01
5.126666666666667149e-01
2.919999999999999818e-01
3.140000000000000013e-01
4.346666666666666456e-01
3.293333333333333113e-01
3.633333333333333415e-01
3.266666666666666607e-01
5.480000000000000426e-01
3.253333333333333077e-01
4.686666666666666758e-01
3.133333333333333526e-01
2.866666666666666807e-01
3.273333333333333095e-01
3.086666666666666448e-01
3.133333333333333526e-01
4.026666666666666727e-01
3.619999999999999885e-01
4.319999999999999951e-01
3.626666666666666927e-01
3.459999999999999742e-01
4.540000000000000147e-01
3.206666666666666554e-01
4.513333333333333086e-01
3.633333333333333415e-01
4.119999999999999774e-01
3.526666666666666838e-01
3.420000000000000262e-01
3.913333333333333108e-01
2.899999999999999800e-01
4.226666666666666905e-01
3.746666666666666479e-01
3.773333333333333539e-01
3.659999999999999920e-01
4.326666666666666439e-01
4.739999999999999769e-01
3.260000000000000120e-01
3.873333333333333073e-01
3.866666666666666585e-01
3.786666666666666514e-01
3.820000000000000062e-01
3.360000000000000209e-01
3.479999999999999760e-01
3.146666666666666501e-01
4.013333333333333197e-01
3.479999999999999760e-01
4.086666666666666781e-01
4.339999999999999969e-01
3.713333333333333486e-01
3.719999999999999973e-01
3.433333333333333237e-01
4.153333333333333321e-01
3.226666666666666572e-01
3.386666666666666714e-01
3.746666666666666479e-01
3.653333333333333433e-01
4.126666666666666816e-01
3.893333333333333091e-01
4.520000000000000129e-01
4.013333333333333197e-01
3.666666666666666408e-01
3.873333333333333073e-01
3.133333333333333526e-01
3.486666666666666803e-01
3.373333333333333184e-01
4.380000000000000004e-01
3.760000000000000009e-01
3.473333333333333273e-01
2.913333333333333330e-01
2.833333333333333259e-01
3.479999999999999760e-01
4.420000000000000040e-01
3.726666666666666461e-01
2.879999999999999782e-01
3.513333333333333308e-01
3.146666666666666501e-01
3.940000000000000169e-01
4.226666666666666905e-01
4.586666666666666670e-01
3.413333333333333219e-01
4.153333333333333321e-01
4.933333333333333459e-01
3.079999999999999960e-01
2.913333333333333330e-01
3.453333333333333255e-01
3.346666666666666679e-01
4.986666666666666470e-01
2.773333333333333206e-01
3.579999999999999849e-01
2.919999999999999818e-01
3.340000000000000191e-01
4.279999999999999916e-01
3.626666666666666927e-01
3.739999999999999991e-01
3.033333333333333437e-01
3.133333333333333526e-01
3.913333333333333108e-01
3.346666666666666679e-01
3.893333333333333091e-01
2.993333333333333401e-01
4.126666666666666816e-01
4.006666666666666710e-01
4.099999999999999756e-01
3.459999999999999742e-01
2.899999999999999800e-01
3.466666666666666785e-01
3.026666666666666394e-01
3.273333333333333095e-01
3.386666666666666714e-01
4.020000000000000240e-01
3.826666666666666550e-01
3.573333333333333361e-01
4.359999999999999987e-01
3.353333333333333166e-01
3.840000000000000080e-01
3.886666666666666603e-01
3.166666666666666519e-01
3.146666666666666501e-01
3.706666666666666443e-01
4.079999999999999738e-01
3.240000000000000102e-01
4.066666666666666763e-01
3.066666666666666430e-01
3.639999999999999902e-01
3.553333333333333344e-01
3.013333333333333419e-01
3.346666666666666679e-01
3.320000000000000173e-01
3.386666666666666714e-01
4.226666666666666905e-01
4.633333333333333193e-01
3.386666666666666714e-01
3.293333333333333113e-01
3.479999999999999760e-01
3.900000000000000133e-01
3.573333333333333361e-01
5.246666666666666146e-01
3.400000000000000244e-01
3.826666666666666550e-01
3.699999999999999956e-01
3.693333333333333468e-01
4.440000000000000058e-01
3.733333333333333504e-01
3.713333333333333486e-01
4.040000000000000258e-01
3.586666666666666892e-01
5.246666666666666146e-01
4.400000000000000022e-01
3.679999999999999938e-01
3.433333333333333237e-01
3.639999999999999902e-01
2.853333333333333277e-01
3.479999999999999760e-01
3.346666666666666679e-01
4.520000000000000129e-01
4.353333333333333499e-01
3.053333333333333455e-01
3.986666666666666692e-01
3.186666666666666536e-01
3.726666666666666461e-01
3.840000000000000080e-01
2.873333333333333295e-01
3.426666666666666750e-01
3.693333333333333468e-01
3.499999999999999778e-01
3.806666666666666532e-01
3.826666666666666550e-01
3.753333333333333521e-01
3.726666666666666461e-01
4.366666666666666474e-01
3.459999999999999742e-01
3.173333333333333561e-01
3.900000000000000133e-01
3.160000000000000031e-01
3.659999999999999920e-01
3.380000000000000226e-01
3.079999999999999960e-01
3.180000000000000049e-01
3.380000000000000226e-01
4.500000000000000111e-01
4.420000000000000040e-01
3.086666666666666448e-01
3.160000000000000031e-01
3.706666666666666443e-01
3.653333333333333433e-01
3.186666666666666536e-01
3.813333333333333575e-01
5.466666666666666341e-01
3.486666666666666803e-01
3.646666666666666390e-01
2.966666666666666896e-01
3.499999999999999778e-01
3.173333333333333561e-01
3.593333333333333379e-01
3.706666666666666443e-01
3.006666666666666932e-01
3.013333333333333419e-01
3.726666666666666461e-01
2.926666666666666861e-01
3.960000000000000187e-01
3.786666666666666514e-01
3.386666666666666714e-01
4.380000000000000004e-01
4.839999999999999858e-01
3.820000000000000062e-01
3.846666666666666567e-01
3.980000000000000204e-01
4.686666666666666758e-01
3.053333333333333455e-01
3.973333333333333162e-01
3.033333333333333437e-01
2.893333333333333313e-01
3.240000000000000102e-01
2.946666666666666878e-01
4.460000000000000075e-01
3.286666666666666625e-01
3.380000000000000226e-01
4.406666666666666510e-01
3.393333333333333202e-01
3.753333333333333521e-01
3.226666666666666572e-01
3.213333333333333597e-01
3.073333333333333472e-01
3.326666666666666661e-01
3.906666666666666621e-01
4.899999999999999911e-01
3.840000000000000080e-01
3.273333333333333095e-01
3.626666666666666927e-01
2.826666666666666772e-01
4.440000000000000058e-01
3.506666666666666821e-01
3.446666666666666767e-01
4.926666666666666416e-01
4.099999999999999756e-01
3.639999999999999902e-01
3.613333333333333397e-01
4.633333333333333193e-01
5.146666666666667167e-01
4.020000000000000240e-01
3.273333333333333095e-01
4.886666666666666936e-01
3.913333333333333108e-01
3.699999999999999956e-01
3.920000000000000151e-01
2.846666666666666790e-01
3.453333333333333255e-01
4.440000000000000058e-01
4.099999999999999756e-01
3.906666666666666621e-01
3.593333333333333379e-01
3.233333333333333059e-01
3.260000000000000120e-01
2.899999999999999800e-01
3.466666666666666785e-01
2.953333333333333366e-01
4.353333333333333499e-01
3.253333333333333077e-01
3.200000000000000067e-01
4.086666666666666781e-01
3.886666666666666603e-01
3.573333333333333361e-01
3.820000000000000062e-01
3.046666666666666412e-01
4.759999999999999787e-01
3.406666666666666732e-01
3.033333333333333437e-01
4.226666666666666905e-01
3.166666666666666519e-01
3.439999999999999725e-01
3.840000000000000080e-01
3.533333333333333326e-01
3.193333333333333579e-01
3.813333333333333575e-01
4.866666666666666918e-01
3.233333333333333059e-01
3.873333333333333073e-01
3.719999999999999973e-01
4.306666666666666421e-01
4.226666666666666905e-01
3.519999999999999796e-01
3.606666666666666909e-01
3.993333333333333179e-01
3.366666666666666696e-01
3.866666666666666585e-01
3.466666666666666785e-01
4.173333333333333339e-01
3.593333333333333379e-01
3.326666666666666661e-01
4.646666666666666723e-01
4.279999999999999916e-01
3.039999999999999925e-01
3.220000000000000084e-01
5.566666666666666430e-01
3.853333333333333610e-01
4.113333333333333286e-01
3.606666666666666909e-01
4.246666666666666923e-01
3.420000000000000262e-01
2.933333333333333348e-01
3.320000000000000173e-01
3.493333333333333290e-01
3.286666666666666625e-01
2.979999999999999871e-01
3.260000000000000120e-01
2.933333333333333348e-01
3.140000000000000013e-01
3.573333333333333361e-01
4.199999999999999845e-01
4.299999999999999933e-01
3.786666666666666514e-01
3.433333333333333237e-01
3.140000000000000013e-01
4.319999999999999951e-01
3.473333333333333273e-01
2.966666666666666896e-01
2.899999999999999800e-01
3.166666666666666519e-01
4.013333333333333197e-01
3.113333333333333508e-01
3.673333333333333450e-01
4.813333333333333353e-01
4.086666666666666781e-01
4.139999999999999791e-01
3.260000000000000120e-01
2.939999999999999836e-01
3.246666666666666590e-01
4.753333333333333299e-01
3.666666666666666408e-01
3.146666666666666501e-01
3.806666666666666532e-01
3.833333333333333592e-01
3.233333333333333059e-01
3.086666666666666448e-01
3.653333333333333433e-01
3.479999999999999760e-01
3.160000000000000031e-01
3.806666666666666532e-01
3.960000000000000187e-01
4.933333333333333459e-01
3.533333333333333326e-01
4.473333333333333606e-01
4.086666666666666781e-01
2.873333333333333295e-01
4.366666666666666474e-01
4.380000000000000004e-01
3.246666666666666590e-01
3.606666666666666909e-01
3.260000000000000120e-01
3.293333333333333113e-01
4.333333333333333481e-01
3.506666666666666821e-01
3.033333333333333437e-01
4.573333333333333139e-01
4.919999999999999929e-01
3.293333333333333113e-01
3.659999999999999920e-01
5.460000000000000409e-01
3.193333333333333579e-01
4.680000000000000271e-01
3.953333333333333144e-01
3.966666666666666674e-01
3.906666666666666621e-01
3.960000000000000187e-01
3.340000000000000191e-01
3.693333333333333468e-01
3.193333333333333579e-01
3.220000000000000084e-01
3.073333333333333472e-01
3.913333333333333108e-01
3.506666666666666821e-01
3.513333333333333308e-01
3.793333333333333557e-01
4.086666666666666781e-01
3.300000000000000155e-01
3.119999999999999996e-01
3.846666666666666567e-01
4.119999999999999774e-01
3.980000000000000204e-01
3.173333333333333561e-01
4.026666666666666727e-01
3.639999999999999902e-01
3.393333333333333202e-01
3.846666666666666567e-01
3.240000000000000102e-01
3.493333333333333290e-01
3.453333333333333255e-01
3.360000000000000209e-01
3.086666666666666448e-01
2.740000000000000213e-01
3.439999999999999725e-01
3.346666666666666679e-01
3.699999999999999956e-01
3.846666666666666567e-01
3.813333333333333575e-01
3.679999999999999938e-01
4.733333333333333282e-01
3.533333333333333326e-01
3.306666666666666643e-01
3.559999999999999831e-01
4.466666666666666563e-01
3.673333333333333450e-01
3.606666666666666909e-01
4.886666666666666936e-01
3.693333333333333468e-01
3.439999999999999725e-01
3.466666666666666785e-01
2.926666666666666861e-01
3.493333333333333290e-01
3.093333333333333490e-01
3.746666666666666479e-01
3.646666666666666390e-01
3.173333333333333561e-01
4.533333333333333104e-01
3.246666666666666590e-01
5.859999999999999654e-01
3.153333333333333544e-01
4.259999999999999898e-01
3.606666666666666909e-01
4.633333333333333193e-01
3.606666666666666909e-01
3.386666666666666714e-01
3.360000000000000209e-01
3.733333333333333504e-01
3.479999999999999760e-01
2.959999999999999853e-01
3.273333333333333095e-01
5.360000000000000320e-01
3.733333333333333504e-01
3.706666666666666443e-01
2.773333333333333206e-01
3.240000000000000102e-01
3.659999999999999920e-01
3.106666666666666465e-01
2.593333333333333601e-01
4.060000000000000275e-01
3.286666666666666625e-01
3.913333333333333108e-01
3.539999999999999813e-01
3.753333333333333521e-01
3.046666666666666412e-01
3.026666666666666394e-01
