4.467499999999999805e-01
4.317500000000000226e-01
4.839999999999999858e-01
3.622500000000000164e-01
3.765000000000000013e-01
3.765000000000000013e-01
3.847499999999999809e-01
3.855000000000000093e-01
3.722500000000000253e-01
3.037500000000000200e-01
4.617499999999999938e-01
3.524999999999999800e-01
5.000000000000000000e-01
3.127499999999999725e-01
3.567500000000000115e-01
3.210000000000000075e-01
3.910000000000000142e-01
3.177499999999999769e-01
3.425000000000000266e-01
4.475000000000000089e-01
3.790000000000000036e-01
4.344999999999999973e-01
3.619999999999999885e-01
3.785000000000000031e-01
4.104999999999999760e-01
3.757499999999999729e-01
3.732500000000000262e-01
3.265000000000000124e-01
5.270000000000000240e-01
3.152499999999999747e-01
3.474999999999999756e-01
3.654999999999999916e-01
2.852500000000000036e-01
2.837500000000000022e-01
4.035000000000000253e-01
4.367500000000000271e-01
4.249999999999999889e-01
3.307499999999999885e-01
6.042499999999999538e-01
3.882499999999999840e-01
3.524999999999999800e-01
3.837499999999999800e-01
4.882500000000000173e-01
3.235000000000000098e-01
3.044999999999999929e-01
5.014999999999999458e-01
3.907499999999999862e-01
3.082500000000000240e-01
3.454999999999999738e-01
3.352499999999999925e-01
4.109999999999999765e-01
2.817500000000000004e-01
3.162499999999999756e-01
4.309999999999999942e-01
3.044999999999999929e-01
4.027499999999999969e-01
3.087500000000000244e-01
3.464999999999999747e-01
3.410000000000000253e-01
3.527500000000000080e-01
4.425000000000000044e-01
2.852500000000000036e-01
3.467500000000000027e-01
4.917500000000000204e-01
2.959999999999999853e-01
3.912499999999999867e-01
3.102500000000000258e-01
4.567499999999999893e-01
3.439999999999999725e-01
4.169999999999999818e-01
4.104999999999999760e-01
4.387499999999999734e-01
3.302499999999999880e-01
3.467500000000000027e-01
3.365000000000000213e-01
5.600000000000000533e-01
2.947500000000000120e-01
3.152499999999999747e-01
4.020000000000000240e-01
3.432499999999999996e-01
4.754999999999999782e-01
3.537500000000000089e-01
2.984999999999999876e-01
4.005000000000000226e-01
3.729999999999999982e-01
3.777499999999999747e-01
4.089999999999999747e-01
2.974999999999999867e-01
4.557499999999999885e-01
3.122500000000000275e-01
4.229999999999999871e-01
4.040000000000000258e-01
3.252499999999999836e-01
3.694999999999999951e-01
2.857500000000000040e-01
3.417499999999999982e-01
3.365000000000000213e-01
3.534999999999999809e-01
3.267499999999999849e-01
2.952500000000000124e-01
3.772499999999999742e-01
3.044999999999999929e-01
2.929999999999999827e-01
4.610000000000000209e-01
4.402499999999999747e-01
3.537500000000000089e-01
3.402499999999999969e-01
3.049999999999999933e-01
2.597499999999999809e-01
3.674999999999999933e-01
2.752499999999999947e-01
3.957499999999999907e-01
3.689999999999999947e-01
3.432499999999999996e-01
3.529999999999999805e-01
4.092500000000000027e-01
2.812500000000000000e-01
3.170000000000000040e-01
4.000000000000000222e-01
3.147499999999999742e-01
2.922500000000000098e-01
4.264999999999999902e-01
3.822499999999999787e-01
3.002500000000000169e-01
3.297499999999999876e-01
3.365000000000000213e-01
2.819999999999999729e-01
3.572500000000000120e-01
3.982499999999999929e-01
3.024999999999999911e-01
3.907499999999999862e-01
3.494999999999999774e-01
3.755000000000000004e-01
3.517500000000000071e-01
3.659999999999999920e-01
5.982499999999999485e-01
2.957500000000000129e-01
3.367499999999999938e-01
2.959999999999999853e-01
3.295000000000000151e-01
3.830000000000000071e-01
3.970000000000000195e-01
4.277500000000000191e-01
5.074999999999999512e-01
2.944999999999999840e-01
3.277499999999999858e-01
3.687500000000000222e-01
3.305000000000000160e-01
3.185000000000000053e-01
4.782500000000000084e-01
3.207499999999999796e-01
2.857500000000000040e-01
2.705000000000000182e-01
3.739999999999999991e-01
3.197499999999999787e-01
3.579999999999999849e-01
3.217499999999999805e-01
2.807499999999999996e-01
3.004999999999999893e-01
4.122500000000000053e-01
3.220000000000000084e-01
4.134999999999999787e-01
3.285000000000000142e-01
3.240000000000000102e-01
4.222500000000000142e-01
3.785000000000000031e-01
3.557500000000000107e-01
3.177499999999999769e-01
3.210000000000000075e-01
3.952499999999999902e-01
2.687499999999999889e-01
3.537500000000000089e-01
3.865000000000000102e-01
3.805000000000000049e-01
4.307500000000000218e-01
3.092500000000000249e-01
3.330000000000000182e-01
3.019999999999999907e-01
3.357499999999999929e-01
2.762499999999999956e-01
3.579999999999999849e-01
5.154999999999999583e-01
4.142500000000000071e-01
3.467500000000000027e-01
3.707500000000000240e-01
3.587500000000000133e-01
3.524999999999999800e-01
3.534999999999999809e-01
3.062500000000000222e-01
3.350000000000000200e-01
3.820000000000000062e-01
4.082500000000000018e-01
3.474999999999999756e-01
2.700000000000000178e-01
3.240000000000000102e-01
2.984999999999999876e-01
3.489999999999999769e-01
3.212499999999999800e-01
3.077500000000000235e-01
2.864999999999999769e-01
4.017499999999999960e-01
3.945000000000000173e-01
4.299999999999999933e-01
3.162499999999999756e-01
3.479999999999999760e-01
3.607500000000000151e-01
3.435000000000000275e-01
3.375000000000000222e-01
2.974999999999999867e-01
4.907500000000000195e-01
2.757499999999999951e-01
4.769999999999999796e-01
4.739999999999999769e-01
3.292499999999999871e-01
4.207500000000000129e-01
2.819999999999999729e-01
3.252499999999999836e-01
3.777499999999999747e-01
3.119999999999999996e-01
3.589999999999999858e-01
3.067500000000000226e-01
3.737500000000000266e-01
3.977499999999999925e-01
3.192499999999999782e-01
3.554999999999999827e-01
3.042500000000000204e-01
3.890000000000000124e-01
3.347499999999999920e-01
3.584999999999999853e-01
3.012500000000000178e-01
3.245000000000000107e-01
2.775000000000000244e-01
3.739999999999999991e-01
3.792499999999999760e-01
3.529999999999999805e-01
3.417499999999999982e-01
3.492500000000000049e-01
4.214999999999999858e-01
3.905000000000000138e-01
3.130000000000000004e-01
3.587500000000000133e-01
3.232499999999999818e-01
3.052500000000000213e-01
3.567500000000000115e-01
3.042500000000000204e-01
2.922500000000000098e-01
3.410000000000000253e-01
3.180000000000000049e-01
2.867500000000000049e-01
3.315000000000000169e-01
2.787499999999999978e-01
3.795000000000000040e-01
3.897499999999999853e-01
3.275000000000000133e-01
2.837500000000000022e-01
3.542500000000000093e-01
2.987500000000000155e-01
3.102500000000000258e-01
4.187500000000000111e-01
3.135000000000000009e-01
3.257499999999999840e-01
3.437500000000000000e-01
3.370000000000000218e-01
2.897500000000000075e-01
2.720000000000000195e-01
3.390000000000000235e-01
3.265000000000000124e-01
3.987499999999999933e-01
4.007499999999999951e-01
3.624999999999999889e-01
3.564999999999999836e-01
3.172499999999999765e-01
3.437500000000000000e-01
3.534999999999999809e-01
4.274999999999999911e-01
3.832499999999999796e-01
3.504999999999999782e-01
3.285000000000000142e-01
2.399999999999999911e-01
2.859999999999999765e-01
2.747499999999999942e-01
3.812499999999999778e-01
2.997500000000000164e-01
3.180000000000000049e-01
3.574999999999999845e-01
3.007500000000000173e-01
3.195000000000000062e-01
2.660000000000000142e-01
3.594999999999999862e-01
3.582500000000000129e-01
4.247500000000000164e-01
3.437500000000000000e-01
2.827500000000000013e-01
3.459999999999999742e-01
4.415000000000000036e-01
3.407499999999999973e-01
3.459999999999999742e-01
3.719999999999999973e-01
2.984999999999999876e-01
3.140000000000000013e-01
3.672500000000000209e-01
2.715000000000000191e-01
2.859999999999999765e-01
2.767499999999999960e-01
5.284999999999999698e-01
2.777499999999999969e-01
4.420000000000000040e-01
2.999999999999999889e-01
3.785000000000000031e-01
2.732499999999999929e-01
4.307500000000000218e-01
3.282499999999999862e-01
2.690000000000000169e-01
4.405000000000000027e-01
3.232499999999999818e-01
3.167499999999999760e-01
3.119999999999999996e-01
3.915000000000000147e-01
3.499999999999999778e-01
4.239999999999999880e-01
3.230000000000000093e-01
4.194999999999999840e-01
2.839999999999999747e-01
3.287499999999999867e-01
3.357499999999999929e-01
3.282499999999999862e-01
3.770000000000000018e-01
3.972499999999999920e-01
3.807499999999999774e-01
4.322500000000000231e-01
3.230000000000000093e-01
3.762499999999999734e-01
3.672500000000000209e-01
2.957500000000000129e-01
3.342499999999999916e-01
3.004999999999999893e-01
3.287499999999999867e-01
3.462500000000000022e-01
3.734999999999999987e-01
3.084999999999999964e-01
3.302499999999999880e-01
3.277499999999999858e-01
2.545000000000000040e-01
3.825000000000000067e-01
2.882500000000000062e-01
3.977499999999999925e-01
3.352499999999999925e-01
3.782499999999999751e-01
3.674999999999999933e-01
3.087500000000000244e-01
3.222499999999999809e-01
3.210000000000000075e-01
3.955000000000000182e-01
3.305000000000000160e-01
4.997500000000000275e-01
3.469999999999999751e-01
2.967500000000000138e-01
3.285000000000000142e-01
3.589999999999999858e-01
4.247500000000000164e-01
3.425000000000000266e-01
4.062500000000000000e-01
3.742500000000000271e-01
3.704999999999999960e-01
3.175000000000000044e-01
2.632499999999999840e-01
3.702500000000000235e-01
3.207499999999999796e-01
3.237499999999999822e-01
3.029999999999999916e-01
3.325000000000000178e-01
3.190000000000000058e-01
3.312499999999999889e-01
3.559999999999999831e-01
2.937500000000000111e-01
3.722500000000000253e-01
3.177499999999999769e-01
3.187499999999999778e-01
3.135000000000000009e-01
3.197499999999999787e-01
3.997499999999999942e-01
3.537500000000000089e-01
3.415000000000000258e-01
3.509999999999999787e-01
3.704999999999999960e-01
3.860000000000000098e-01
3.044999999999999929e-01
3.145000000000000018e-01
3.457500000000000018e-01
2.859999999999999765e-01
3.292499999999999871e-01
2.730000000000000204e-01
2.790000000000000258e-01
3.180000000000000049e-01
3.679999999999999938e-01
3.222499999999999809e-01
2.947500000000000120e-01
4.074999999999999734e-01
2.690000000000000169e-01
2.889999999999999791e-01
3.165000000000000036e-01
3.697500000000000231e-01
3.612500000000000155e-01
3.689999999999999947e-01
3.262499999999999845e-01
3.297499999999999876e-01
3.820000000000000062e-01
3.712500000000000244e-01
3.512500000000000067e-01
3.132499999999999729e-01
3.200000000000000067e-01
3.765000000000000013e-01
3.594999999999999862e-01
2.864999999999999769e-01
2.787499999999999978e-01
3.237499999999999822e-01
3.094999999999999973e-01
3.170000000000000040e-01
2.884999999999999787e-01
4.129999999999999782e-01
3.432499999999999996e-01
2.727499999999999925e-01
3.557500000000000107e-01
3.727500000000000258e-01
3.325000000000000178e-01
3.762499999999999734e-01
3.437500000000000000e-01
2.927500000000000102e-01
3.449999999999999734e-01
3.529999999999999805e-01
3.330000000000000182e-01
4.102500000000000036e-01
3.537500000000000089e-01
3.562500000000000111e-01
3.410000000000000253e-01
4.074999999999999734e-01
3.024999999999999911e-01
3.957499999999999907e-01
3.504999999999999782e-01
3.422499999999999987e-01
2.974999999999999867e-01
3.584999999999999853e-01
3.197499999999999787e-01
3.629999999999999893e-01
2.989999999999999880e-01
3.862499999999999822e-01
2.712499999999999911e-01
3.599999999999999867e-01
3.210000000000000075e-01
3.517500000000000071e-01
2.822500000000000009e-01
3.285000000000000142e-01
3.750000000000000000e-01
4.279999999999999916e-01
3.257499999999999840e-01
2.687499999999999889e-01
3.872499999999999831e-01
3.147499999999999742e-01
4.127500000000000058e-01
2.675000000000000155e-01
3.459999999999999742e-01
2.994999999999999885e-01
3.637500000000000178e-01
4.227500000000000147e-01
3.950000000000000178e-01
4.154999999999999805e-01
3.584999999999999853e-01
3.332499999999999907e-01
3.822499999999999787e-01
3.112500000000000266e-01
3.225000000000000089e-01
3.714999999999999969e-01
3.634999999999999898e-01
3.267499999999999849e-01
3.357499999999999929e-01
3.527500000000000080e-01
3.057500000000000218e-01
3.307499999999999885e-01
3.074999999999999956e-01
2.864999999999999769e-01
4.407499999999999751e-01
2.692499999999999893e-01
3.569999999999999840e-01
3.422499999999999987e-01
3.415000000000000258e-01
3.659999999999999920e-01
3.830000000000000071e-01
4.272500000000000187e-01
2.824999999999999734e-01
3.300000000000000155e-01
3.069999999999999951e-01
4.154999999999999805e-01
3.492500000000000049e-01
3.287499999999999867e-01
3.355000000000000204e-01
5.112499999999999822e-01
3.534999999999999809e-01
3.770000000000000018e-01
2.847500000000000031e-01
3.797499999999999765e-01
3.250000000000000111e-01
3.250000000000000111e-01
3.147499999999999742e-01
3.175000000000000044e-01
4.162500000000000089e-01
3.114999999999999991e-01
2.954999999999999849e-01
3.755000000000000004e-01
3.507500000000000062e-01
3.262499999999999845e-01
3.405000000000000249e-01
3.842499999999999805e-01
4.302500000000000213e-01
3.405000000000000249e-01
3.004999999999999893e-01
2.752499999999999947e-01
3.457500000000000018e-01
3.582500000000000129e-01
3.069999999999999951e-01
4.117500000000000049e-01
4.147500000000000075e-01
3.489999999999999769e-01
3.732500000000000262e-01
3.017500000000000182e-01
3.792499999999999760e-01
3.182499999999999774e-01
3.667500000000000204e-01
4.204999999999999849e-01
3.067500000000000226e-01
4.027499999999999969e-01
2.600000000000000089e-01
2.805000000000000271e-01
3.817499999999999782e-01
3.689999999999999947e-01
3.499999999999999778e-01
3.112500000000000266e-01
3.647500000000000187e-01
3.142499999999999738e-01
4.319999999999999951e-01
3.717500000000000249e-01
3.262499999999999845e-01
3.147499999999999742e-01
3.677500000000000213e-01
4.254999999999999893e-01
3.554999999999999827e-01
3.782499999999999751e-01
3.905000000000000138e-01
3.484999999999999765e-01
4.197500000000000120e-01
3.400000000000000244e-01
3.777499999999999747e-01
2.770000000000000240e-01
3.845000000000000084e-01
4.025000000000000244e-01
2.939999999999999836e-01
2.949999999999999845e-01
2.757499999999999951e-01
3.175000000000000044e-01
3.699999999999999956e-01
3.392499999999999960e-01
2.807499999999999996e-01
3.017500000000000182e-01
3.422499999999999987e-01
3.594999999999999862e-01
3.227499999999999813e-01
3.607500000000000151e-01
3.019999999999999907e-01
3.865000000000000102e-01
3.559999999999999831e-01
3.252499999999999836e-01
2.615000000000000102e-01
2.720000000000000195e-01
3.257499999999999840e-01
3.034999999999999920e-01
3.262499999999999845e-01
3.780000000000000027e-01
2.802499999999999991e-01
3.145000000000000018e-01
3.614999999999999880e-01
2.447499999999999953e-01
4.297500000000000209e-01
3.507500000000000062e-01
2.742499999999999938e-01
3.382499999999999951e-01
3.437500000000000000e-01
3.529999999999999805e-01
2.954999999999999849e-01
3.697500000000000231e-01
4.134999999999999787e-01
3.069999999999999951e-01
3.017500000000000182e-01
3.034999999999999920e-01
3.807499999999999774e-01
4.299999999999999933e-01
3.910000000000000142e-01
5.669999999999999485e-01
3.484999999999999765e-01
3.734999999999999987e-01
3.390000000000000235e-01
3.332499999999999907e-01
3.472500000000000031e-01
4.264999999999999902e-01
3.830000000000000071e-01
3.170000000000000040e-01
3.064999999999999947e-01
3.127499999999999725e-01
3.647500000000000187e-01
3.477500000000000036e-01
3.062500000000000222e-01
4.129999999999999782e-01
3.132499999999999729e-01
2.807499999999999996e-01
3.102500000000000258e-01
3.837499999999999800e-01
3.862499999999999822e-01
3.719999999999999973e-01
3.292499999999999871e-01
3.132499999999999729e-01
3.405000000000000249e-01
3.142499999999999738e-01
4.302500000000000213e-01
2.972500000000000142e-01
3.459999999999999742e-01
3.559999999999999831e-01
3.305000000000000160e-01
2.994999999999999885e-01
2.687499999999999889e-01
3.347499999999999920e-01
3.397499999999999964e-01
3.280000000000000138e-01
3.067500000000000226e-01
2.819999999999999729e-01
2.912500000000000089e-01
2.937500000000000111e-01
3.170000000000000040e-01
3.315000000000000169e-01
4.600000000000000200e-01
2.632499999999999840e-01
2.884999999999999787e-01
2.675000000000000155e-01
2.944999999999999840e-01
3.310000000000000164e-01
3.732500000000000262e-01
4.540000000000000147e-01
3.547500000000000098e-01
3.009999999999999898e-01
3.607500000000000151e-01
3.342499999999999916e-01
3.302499999999999880e-01
3.240000000000000102e-01
3.285000000000000142e-01
3.280000000000000138e-01
5.675000000000000044e-01
3.497500000000000053e-01
3.019999999999999907e-01
2.745000000000000218e-01
3.062500000000000222e-01
2.782499999999999973e-01
3.270000000000000129e-01
3.627500000000000169e-01
3.767499999999999738e-01
2.952500000000000124e-01
3.232499999999999818e-01
3.385000000000000231e-01
4.149999999999999800e-01
3.327499999999999902e-01
3.709999999999999964e-01
2.979999999999999871e-01
2.929999999999999827e-01
3.392499999999999960e-01
3.397499999999999964e-01
3.167499999999999760e-01
4.535000000000000142e-01
3.014999999999999902e-01
4.282500000000000195e-01
3.617500000000000160e-01
3.350000000000000200e-01
4.460000000000000075e-01
3.109999999999999987e-01
3.222499999999999809e-01
2.725000000000000200e-01
3.079999999999999960e-01
2.530000000000000027e-01
3.250000000000000111e-01
2.542499999999999760e-01
3.092500000000000249e-01
5.064999999999999503e-01
3.777499999999999747e-01
4.152500000000000080e-01
2.622499999999999831e-01
2.720000000000000195e-01
3.704999999999999960e-01
3.474999999999999756e-01
3.049999999999999933e-01
3.375000000000000222e-01
3.135000000000000009e-01
4.749999999999999778e-01
2.889999999999999791e-01
2.700000000000000178e-01
3.232499999999999818e-01
4.555000000000000160e-01
2.892500000000000071e-01
3.415000000000000258e-01
3.405000000000000249e-01
3.727500000000000258e-01
3.355000000000000204e-01
3.965000000000000191e-01
3.357499999999999929e-01
3.280000000000000138e-01
3.057500000000000218e-01
3.524999999999999800e-01
2.859999999999999765e-01
4.232500000000000151e-01
3.415000000000000258e-01
3.634999999999999898e-01
3.380000000000000226e-01
2.952500000000000124e-01
3.544999999999999818e-01
2.954999999999999849e-01
3.420000000000000262e-01
3.387499999999999956e-01
3.509999999999999787e-01
2.849999999999999756e-01
4.462499999999999800e-01
3.712500000000000244e-01
2.677499999999999880e-01
2.805000000000000271e-01
3.102500000000000258e-01
3.532500000000000084e-01
4.129999999999999782e-01
2.914999999999999813e-01
3.347499999999999920e-01
3.017500000000000182e-01
4.289999999999999925e-01
3.847499999999999809e-01
2.447499999999999953e-01
3.360000000000000209e-01
2.892500000000000071e-01
4.104999999999999760e-01
4.069999999999999729e-01
3.280000000000000138e-01
4.077500000000000013e-01
3.694999999999999951e-01
2.932500000000000107e-01
3.054999999999999938e-01
4.425000000000000044e-01
2.949999999999999845e-01
3.220000000000000084e-01
2.795000000000000262e-01
3.634999999999999898e-01
2.672499999999999876e-01
3.739999999999999991e-01
3.097500000000000253e-01
3.860000000000000098e-01
2.635000000000000120e-01
4.032499999999999973e-01
3.102500000000000258e-01
2.932500000000000107e-01
2.757499999999999951e-01
2.782499999999999973e-01
3.644999999999999907e-01
4.010000000000000231e-01
3.467500000000000027e-01
3.092500000000000249e-01
3.572500000000000120e-01
3.162499999999999756e-01
4.127500000000000058e-01
3.262499999999999845e-01
3.317499999999999893e-01
4.089999999999999747e-01
3.577500000000000124e-01
3.689999999999999947e-01
3.212499999999999800e-01
3.877499999999999836e-01
2.912500000000000089e-01
3.612500000000000155e-01
5.945000000000000284e-01
3.694999999999999951e-01
2.987500000000000155e-01
3.007500000000000173e-01
4.237500000000000155e-01
3.737500000000000266e-01
2.992500000000000160e-01
3.474999999999999756e-01
3.405000000000000249e-01
3.532500000000000084e-01
2.575000000000000067e-01
3.332499999999999907e-01
2.722499999999999920e-01
2.780000000000000249e-01
3.215000000000000080e-01
4.465000000000000080e-01
3.464999999999999747e-01
3.300000000000000155e-01
2.997500000000000164e-01
3.069999999999999951e-01
2.849999999999999756e-01
3.907499999999999862e-01
3.674999999999999933e-01
3.549999999999999822e-01
3.217499999999999805e-01
3.694999999999999951e-01
3.067500000000000226e-01
4.359999999999999987e-01
2.869999999999999774e-01
3.609999999999999876e-01
3.567500000000000115e-01
2.782499999999999973e-01
2.927500000000000102e-01
2.849999999999999756e-01
3.800000000000000044e-01
5.617499999999999716e-01
3.712500000000000244e-01
2.822500000000000009e-01
3.310000000000000164e-01
3.762499999999999734e-01
3.027500000000000191e-01
3.487500000000000044e-01
2.992500000000000160e-01
3.150000000000000022e-01
3.599999999999999867e-01
4.279999999999999916e-01
3.054999999999999938e-01
3.069999999999999951e-01
3.137499999999999734e-01
2.997500000000000164e-01
3.435000000000000275e-01
2.947500000000000120e-01
3.967499999999999916e-01
4.939999999999999947e-01
3.282499999999999862e-01
3.770000000000000018e-01
3.022500000000000187e-01
3.225000000000000089e-01
3.009999999999999898e-01
3.245000000000000107e-01
3.714999999999999969e-01
5.210000000000000187e-01
2.657499999999999862e-01
3.672500000000000209e-01
3.084999999999999964e-01
2.805000000000000271e-01
3.052500000000000213e-01
3.330000000000000182e-01
4.159999999999999809e-01
3.084999999999999964e-01
3.185000000000000053e-01
4.025000000000000244e-01
3.150000000000000022e-01
3.895000000000000129e-01
3.004999999999999893e-01
3.524999999999999800e-01
3.797499999999999765e-01
3.474999999999999756e-01
3.860000000000000098e-01
3.352499999999999925e-01
2.489999999999999991e-01
2.792499999999999982e-01
3.509999999999999787e-01
3.062500000000000222e-01
4.112500000000000044e-01
3.529999999999999805e-01
3.420000000000000262e-01
2.839999999999999747e-01
2.540000000000000036e-01
2.777499999999999969e-01
3.487500000000000044e-01
3.190000000000000058e-01
3.200000000000000067e-01
3.484999999999999765e-01
3.307499999999999885e-01
3.795000000000000040e-01
2.919999999999999818e-01
3.962499999999999911e-01
3.119999999999999996e-01
3.507500000000000062e-01
3.405000000000000249e-01
2.795000000000000262e-01
4.042499999999999982e-01
2.814999999999999725e-01
3.267499999999999849e-01
3.657500000000000195e-01
2.735000000000000209e-01
3.972499999999999920e-01
3.012500000000000178e-01
2.854999999999999760e-01
4.354999999999999982e-01
3.457500000000000018e-01
2.742499999999999938e-01
3.064999999999999947e-01
3.987499999999999933e-01
3.895000000000000129e-01
3.654999999999999916e-01
3.692500000000000226e-01
2.914999999999999813e-01
3.714999999999999969e-01
4.025000000000000244e-01
2.790000000000000258e-01
3.317499999999999893e-01
3.554999999999999827e-01
3.094999999999999973e-01
3.372499999999999942e-01
3.865000000000000102e-01
2.517499999999999738e-01
4.207500000000000129e-01
3.752499999999999725e-01
3.622500000000000164e-01
2.740000000000000213e-01
3.604999999999999871e-01
2.677499999999999880e-01
2.670000000000000151e-01
3.122500000000000275e-01
4.149999999999999800e-01
2.740000000000000213e-01
2.627499999999999836e-01
3.517500000000000071e-01
3.870000000000000107e-01
3.755000000000000004e-01
2.964999999999999858e-01
3.704999999999999960e-01
3.679999999999999938e-01
3.542500000000000093e-01
3.112500000000000266e-01
3.654999999999999916e-01
2.812500000000000000e-01
3.197499999999999787e-01
3.280000000000000138e-01
3.345000000000000195e-01
2.814999999999999725e-01
2.927500000000000102e-01
3.069999999999999951e-01
2.682499999999999885e-01
3.337499999999999911e-01
2.904999999999999805e-01
3.420000000000000262e-01
3.822499999999999787e-01
3.642500000000000182e-01
2.962500000000000133e-01
4.322500000000000231e-01
4.002499999999999947e-01
3.099999999999999978e-01
4.545000000000000151e-01
3.237499999999999822e-01
2.617499999999999827e-01
3.187499999999999778e-01
3.977499999999999925e-01
3.297499999999999876e-01
3.599999999999999867e-01
3.262499999999999845e-01
3.192499999999999782e-01
3.155000000000000027e-01
3.350000000000000200e-01
2.899999999999999800e-01
3.582500000000000129e-01
4.420000000000000040e-01
3.677500000000000213e-01
3.427499999999999991e-01
2.522499999999999742e-01
3.205000000000000071e-01
2.864999999999999769e-01
2.607499999999999818e-01
4.317500000000000226e-01
2.557499999999999774e-01
3.380000000000000226e-01
3.222499999999999809e-01
3.162499999999999756e-01
2.834999999999999742e-01
2.682499999999999885e-01
2.685000000000000164e-01
3.347499999999999920e-01
3.412499999999999978e-01
4.714999999999999747e-01
3.162499999999999756e-01
2.834999999999999742e-01
5.284999999999999698e-01
3.542500000000000093e-01
3.569999999999999840e-01
3.044999999999999929e-01
3.452500000000000013e-01
3.477500000000000036e-01
2.887500000000000067e-01
3.534999999999999809e-01
3.022500000000000187e-01
3.104999999999999982e-01
3.417499999999999982e-01
3.629999999999999893e-01
3.469999999999999751e-01
2.542499999999999760e-01
3.870000000000000107e-01
2.652499999999999858e-01
4.259999999999999898e-01
2.580000000000000071e-01
3.202499999999999791e-01
2.914999999999999813e-01
3.222499999999999809e-01
3.572500000000000120e-01
2.999999999999999889e-01
3.252499999999999836e-01
3.400000000000000244e-01
3.217499999999999805e-01
3.022500000000000187e-01
