6.173233461563579771e-01 8.070535536872758264e-02 1.730595108238898394e+00 7.240527013000725987e-01 -3.668248164386752830e+00 -8.163129179712065309e-01 1.190839775125608124e+00 6.030884948780355082e-01 3.881052908444831973e-02 7.194365560249779135e-01
-2.680698109768065507e+01 -4.869686351812877234e+00 1.946899317770759552e+01 3.205763378933541219e+01 -2.281021243726305414e+01 8.863599823913845266e-02 1.183456971393453294e+01 -2.764879120818533598e-01 -7.134535730059403669e-01 -6.258154399160612336e+00
6.839292018404660389e+00 -2.258228883908844242e+00 -8.536331758119749535e-01 1.059839833225547601e+01 -2.654061536924755771e+00 -1.575610570616395645e+00 4.083706088563851644e+00 -5.846191496053363856e+00 -1.437395547862126755e+00 -7.524592903597760341e+00
-4.809284051023004380e+00 -2.436147288169665526e+00 3.715184276896703608e-01 -9.972888650812314904e-01 5.112235098015750268e+00 3.860110056028361214e+00 -1.165892804667983640e+01 1.364283694523158230e+00 1.003307163806379698e+01 3.321967091548471140e-01
-1.870692888827538702e-01 -1.618109593738647600e+00 4.214849822547686031e-01 7.022880659938910419e+00 -7.851252745368585195e+00 -4.616771740702447779e+00 -1.466690825828994882e+01 1.157865692054874529e+01 9.213973950514396938e-01 1.090192253192483562e+01
5.018728169313351195e+00 -8.473706249232701992e+00 -1.721292190656061294e+01 -1.109278220871857101e+01 4.355774964914433056e+00 1.207282183572356082e+01 2.140938818088198303e+00 2.134118580816349198e+00 7.216196979851562610e+00 2.264695267962177905e+00
1.210308538883135610e+00 2.099144582061375441e+00 -2.888333443606605933e+00 8.127663737328461480e+00 -1.553461741613808345e+00 -1.128863206336123781e+01 -2.269643162815551563e+01 1.667039670782202165e+01 4.555891189880112435e+00 5.428291891500556687e+00
-1.527385306747139015e+00 -7.029658092257752289e-01 -1.660536384063534499e+01 -5.208095505516983970e+00 1.043301834742864820e+01 3.671741047803371849e+00 6.112664579291020139e+00 -3.651576624111304792e+00 2.219660748751145718e+00 9.091228366073083933e+00
-1.512681767938861555e+01 -2.088257861631246826e+00 5.792610536256915799e-01 6.237808405355865560e+00 1.111958268414151085e+01 4.287397031814252024e+00 -1.375718466617432467e+00 -2.988427580134364714e+00 3.212737312937245793e-02 2.053792276939877759e+00
1.309506518289451904e+01 -1.122733255199415359e+00 1.015634342561650527e+01 -1.799038336194178811e+01 2.893488339748157223e+00 -1.541207737400553057e+01 1.630556515569499254e+01 -6.291342107565311537e+00 3.286786074074041331e+00 -2.680605605865668650e+00
5.819165881177339905e+00 -9.086487346804441145e+00 7.752855218196875953e+00 3.829866804865678986e+00 1.076533910404169347e-01 -5.365128206806753397e+00 4.356616148675850342e-01 1.300349764911755468e+00 -7.094635566262616599e+00 1.658639757715430152e+00
7.192063319402882904e+00 4.951076086511056573e+00 1.264386710335262620e+01 3.062244312262685675e+00 -1.295755593931256655e+01 3.604986697566611387e+00 1.245442767771505999e+01 -1.620049860929955798e+01 -4.106614352217159869e+00 -1.052568992058822239e+01
1.241349540340504731e+01 -3.205279581232660657e+00 4.644483396539539122e+00 4.828183828478138651e+00 -9.367801903952766907e+00 3.989289391582676370e+00 2.852230659836260340e+00 -3.415982133098110385e+00 -5.693239742790904501e+00 -7.832747069323717781e+00
6.332518465130373642e+00 2.340727731198019690e+00 3.078106894216630529e+00 7.757193015124713042e+00 -7.373299416233855652e+00 4.681916700471320247e-01 -3.564094638592786968e+00 -2.779514601526288597e+00 3.310267590292069961e+00 -7.165980138195822136e+00
3.372610256354239056e+00 -3.151311633539932155e-01 -5.039291238775874149e+00 1.374141975201342447e+01 1.541583768984114311e+00 1.210701571232829288e+01 -4.171736464649910658e+01 5.003256221975051155e+00 5.025617757813902742e+00 8.891855806935813789e+00
-5.129164956437819711e+01 -6.984367255949762487e+00 -2.647353253874584755e+00 3.460599837043429972e+01 -1.776107581907291788e+01 9.505312317530488997e+00 -7.558762619087752155e-01 2.470451239249127795e+01 -1.191468069815396724e+01 2.109633271021127499e+01
