-5.482812822250826557e-03 9.638154494586610443e-01 -2.556861711785419544e+00 1.920923830435103952e-01 -4.921069780708672958e+00 3.939843631955808334e-01 7.302688949889812875e+00 3.124218932029252382e-01 -1.652294765337503080e-01 2.931950106172356296e-01
-1.692202514060661045e+01 -8.778438586930178644e+00 1.559123398316504527e+01 3.069557278888101948e+01 -1.532976091310794153e+01 3.143028065774458923e+00 1.076066666279338158e+01 -1.675328064840227338e+00 -1.353184938790819736e+01 -5.941432826550287594e+00
5.270410775836166017e+00 -1.656549769290740937e+00 -1.783632240652153200e+00 8.901858754771884819e+00 -2.621216411825634474e+00 -1.774484503239466271e+00 4.872798065573819670e+00 -5.770682749942754874e+00 6.986956415348678506e-01 -6.375931239762953950e+00
-5.964273542459560318e+00 -3.356668790725657381e+00 1.801269590565148349e+00 -1.256024826786391380e+00 5.587265654386625258e+00 2.349392635838273957e+00 -1.038310784554623645e+01 1.560770036408531070e+00 9.917024362343402899e+00 6.286723229606731023e-01
3.077359217859376717e-01 6.782200661665038766e-02 1.285893817829477648e+00 6.690928545750235656e+00 -8.038387453738865318e+00 -4.531220110181077843e+00 -1.048198190396733409e+01 7.789817246518905947e+00 -3.402788449689653216e-01 9.700422314228969611e+00
4.660443173206220813e+00 -7.360065921831870028e+00 -1.377815751749531437e+01 -1.065300617939385042e+01 4.841969192571606406e+00 1.143751381205814965e+01 -1.176761487351996038e-01 1.835753695814365871e+00 8.096200972463996948e+00 7.837557821637946009e-01
2.447050229203200811e+00 1.115527870235154095e+00 -9.345817797391092752e-02 5.543632805955667209e+00 -2.135703594272804207e+00 -1.043649831442353637e+01 -1.691671111867412591e+01 1.186802068331088655e+01 5.032639862246517382e+00 2.999272418552199948e+00
-1.012750867629312879e+00 7.181688127396806953e-01 -1.744112066736876088e+01 -3.885369253615901020e+00 8.006143353488564429e+00 7.441676845444201716e-01 4.143532829468910883e+00 -5.107785710059188355e-01 3.702202578685590773e+00 6.980421765889319730e+00
-8.873809958096430250e+00 -1.712522155342662833e+00 2.406021080009486113e+00 6.514138669668938952e+00 6.512177668549073317e+00 1.749836893212258548e+00 -1.251737764469486036e+00 -3.395308377977519942e+00 -4.980665548117294783e+00 1.940285986765366344e+00
1.119278548144766283e+01 -3.087050307245851055e-01 7.964051570656659251e+00 -1.418043431998182946e+01 1.605068859631456180e+00 -1.314308204110520073e+01 1.207059377137277600e+01 -3.442327728905796747e+00 7.902705235287068586e-01 -4.085265546943658066e+00
4.544761859208827914e+00 -6.131231405040462157e+00 7.506077804074955395e+00 3.683630501532752177e+00 3.662732663593479265e-01 -3.201531366126004752e+00 3.497578305097087670e-01 1.136798559678048992e+00 -8.738987183774604262e+00 -9.061790962058090537e-01
6.374973990930332235e+00 2.213424682548017497e+00 8.554019977665028307e+00 1.897986536659812096e+00 -9.022996737273174972e+00 4.361055645448594476e+00 8.385023217388393846e+00 -1.097389262987926273e+01 -3.975680041777949203e-01 -1.075803328913412038e+01
9.393426524886859141e+00 -2.712675407537345151e+00 4.234758527114865778e+00 4.835090039457987210e+00 -7.404003995403436456e+00 4.714841976155904391e+00 7.128203751329735383e+00 -5.885926383590595279e+00 -7.774328651234334586e+00 -6.725398668812244019e+00
8.097045383117519313e-01 1.905506536813590612e+00 3.054804053979679246e+00 1.017773952698297357e+01 -4.973110595736125461e+00 1.574253092182268610e+00 -5.161728656561684225e+00 -3.050389225477637023e+00 2.648715176515604508e+00 -5.251973255403132868e+00
-1.253134313580939185e+00 -4.763237823967300666e-01 -2.225804008753863084e+00 1.174386905227440003e+01 1.851157383668060818e+00 8.754161835143495551e+00 -3.556198928044206298e+01 5.392859095378633505e+00 5.842871324874026939e+00 7.589255629885081511e+00
-3.329182182891587161e+01 -7.634679205230193944e+00 -1.934116504774955336e+00 1.957717484155087817e+01 -1.680731852330636400e+01 7.173781114172911977e+00 6.364798269316256363e-01 2.330827868019335014e+01 -1.036028442620595946e+01 1.877955590426745403e+01
