6.426917944882287737e-01 3.613239065414191042e-01 -1.388786076704939099e+01 -5.033953995434397033e-01 -1.896198574687156357e+00 6.945775611842510688e-01 1.718518137777834554e+01 -1.101627943302523338e-01 -4.606786286261690400e-01 1.916231173573357260e-01
-3.375819934217066987e+01 -3.017643854196935926e+00 8.876525842737732930e+00 1.569294771221789730e+01 6.020531410583542353e+00 -6.122440050932083544e+00 2.133285509468358754e+01 -2.008076681116068851e-01 -5.050363728627438320e+00 -2.592807894405897429e+00
1.052244720262511990e+01 7.407257623366612975e+00 5.100032235698417793e+00 1.484990140079858101e+01 -3.414836211366925944e+00 -8.322560856771438864e+00 1.074432207233077641e+01 -2.654931796827248647e+01 -1.320557744575702408e+00 -9.519882137819850598e+00
-4.988397353263442469e+00 -3.995958981593879411e+00 -4.512731259120014826e+00 -4.870711054297107712e-01 1.050007933101239743e+01 3.669890734420619083e+00 -8.689498965736998315e+00 -3.482055551935117954e+00 1.509906303133852923e+01 -1.736991980353945975e+00
-3.938283090321387236e-01 3.127729508074599707e+00 4.799840318372831760e+00 9.264362612521706453e+00 -1.287654701325478790e+01 -6.440902434919262731e+00 -1.816521946655208453e+01 1.334158536448992294e+01 -2.423577751633423372e+00 1.153348639756321603e+01
2.396393000974630816e+00 -9.048672350566114631e+00 -1.953039658186650840e+01 -1.273290555848322470e+01 5.988085688121254080e+00 9.137586531459065853e+00 8.815993706135627050e+00 9.860574734930250829e-01 1.089356770840915267e+01 2.950859542938756075e+00
-9.948755306191432446e-01 4.589184502216962613e+00 1.702537968070080066e+00 4.746292882256922141e+00 -3.006069309820263769e+00 -1.605144311856902917e+01 -2.611434478417919536e+01 1.945489049965502204e+01 7.498407466583327796e+00 7.413835668701007187e+00
-6.193456030049469874e+00 -2.863952797596146294e+00 -2.479403198396999386e+01 -3.531574279752052181e+00 1.433613937500552815e+01 2.708152182737289415e+00 1.137498560689846627e+01 -7.276547368585101871e+00 7.786820465236576005e+00 5.836300028064565382e+00
-1.195149504408825791e+01 -1.373986319611911977e+00 -1.325893655443115771e+00 7.825337388435377406e+00 5.528520141312170288e+00 6.272187502834638551e+00 -2.121711928719513640e+00 -4.280115310468969980e+00 -7.133978242786247925e+00 5.714855993167110348e+00
6.205604844028226097e+00 1.099196517708328935e+00 2.392477317625051558e+00 -1.732675815672661557e+01 6.131841120679056623e+00 -1.632834846233914305e+01 2.033613827910187766e+01 -2.230317596733431884e+00 1.184463234167005607e+00 1.141021599933532416e-02
4.699309389696031403e+00 -6.779821141589385647e+00 2.051271055433879553e+01 -7.377945138647296730e+00 -1.420762883285325406e+00 8.177676985079358474e-01 -3.744104655363865941e+00 3.363155100723496105e+00 -1.051311279892891370e+01 -2.525377073045943499e-01
6.824327025560910975e+00 3.775395660769802486e+00 1.219204670610289654e+01 6.018270379184495589e+00 -1.003519938736439343e+01 9.762122365637692312e+00 9.050951965860136283e+00 -2.033540708711763756e+01 -1.518653714661528209e+00 -1.266152196442542177e+01
1.095912790249507118e+01 7.858083774895185947e-02 7.215911654487359606e+00 4.170443899973119706e-01 -1.256066227628062393e+01 6.171467016707667064e+00 5.629795538179408254e+00 -6.420565127033416530e+00 -1.207972365205075427e+01 -2.720435260884011441e+00
1.004978709596423325e+00 5.440710788233935169e+00 1.683609587488120063e+00 1.320083789340228897e+01 -4.719115877086244915e+00 1.437319329920677236e+00 -1.551825000554697631e+01 1.699864683265329468e+00 2.327962199839925361e+00 -6.623259130039346410e+00
6.499619064420241621e+00 -7.754600863306287728e+00 9.704606683517072341e+00 5.330078761013048450e+00 -5.097492995302682850e+00 -8.564297525943906919e-01 -1.072371949085533060e+01 -2.691100862600067423e+00 -3.443155693398656680e+00 6.793240235585177089e+00
-2.066379819523345418e+01 -1.382062385291451534e+00 -1.066591057825319488e+00 -1.136104699510212868e+01 3.086763572741550998e+00 2.138169860130510358e+01 -6.667693816402013862e-01 1.413128142637529727e+01 -2.010174880883040416e+01 1.651073130194477656e+01
