7.717802315891559850e-01 -6.373527552194018231e-01 -1.889992821227926711e+01 7.626696324294415241e-01 -3.850561337840766818e+00 2.968882303971902559e-01 2.170401873213848987e+01 -7.374247371013380459e-01 3.921304643941238011e-01 -3.829594742693493981e-01
-3.744817351256060078e+01 -1.353286407710822026e+01 8.013354748873494415e+00 1.476263397323396021e+01 6.401926123717669448e+00 -4.353930653529711758e-01 9.307222505762489106e+00 -5.853437810228165894e-01 1.948988467161585447e+01 -5.617829175535875130e+00
6.963241817862132699e+00 4.448530619110597328e+00 1.544921792418662454e+00 8.879491323870718489e+00 -7.042426928029361655e-01 -4.034602420779779486e+00 7.937037337038889362e+00 -2.410431420814649783e+01 2.444689737869813195e-01 -2.537672913920758333e+00
-4.087824871723729991e+00 -4.783668339853940132e+00 -2.032278817588550890e+00 5.787586259971982949e-01 7.855361190221977097e+00 1.149761614019653599e+00 -6.457279970304038663e+00 -2.887607496595773426e+00 1.223690576717499923e+01 1.118555496977466923e-01
1.874189902821810083e-01 7.963214654686368021e-01 3.514408040693049351e+00 7.799864718820884946e+00 -1.096944705069430981e+01 -2.578610176969008183e+00 -1.477314092816878244e+01 1.049041725990044149e+01 -2.244916899060574345e+00 7.451393013897318340e+00
6.473872011230942469e+00 -9.725011710259344966e+00 -1.281143312403046330e+01 -9.132151740254972339e+00 6.093180931381778187e+00 6.597136215593008224e+00 4.430626072544070482e+00 1.801141287887070286e+00 6.884381161907445090e+00 1.867681671911978758e-01
-5.882032931697233069e-01 1.770255002569807168e+00 -6.583888710722963777e-01 4.500523053010245356e+00 -4.087488643267615629e+00 -5.896886985969659989e+00 -1.817949674930978077e+01 1.389974909067143471e+01 3.450017617938870629e+00 3.778236156836257909e+00
-3.608966264922806921e+00 -9.500058298796488776e-01 -1.532401624511153315e+01 -5.168843380724032599e+00 1.027968977576156639e+01 5.977345366654251979e-01 7.790651235724890711e+00 -1.217662974286500610e+00 5.147027821188122410e+00 5.342302356219275516e+00
-7.686663474052050304e+00 -1.130917151620542960e+00 1.930646745606857007e+00 5.756393053098443957e+00 4.182241071931394494e+00 3.396606926454234010e+00 1.621853691295462863e+00 -4.611963449237249435e+00 -5.117164926493432020e+00 6.102910797407411492e-01
6.871067837124022581e+00 1.211610022549487908e+00 3.527837981257338384e+00 -1.366832401757411475e+01 4.856135343055639986e+00 -1.177476745743916631e+01 1.122069382106075430e+01 -2.880731545921731307e+00 1.734435986607238744e+00 -1.868639391375803260e+00
3.244773410593199792e+00 -4.289027796530703540e+00 1.175474729251576456e+01 1.744263264114022105e+00 -1.607824375680996232e+00 -1.322248567159588495e+00 -2.019263778246133345e+00 2.235874948139204399e+00 -8.751532691754151827e+00 3.474884007162121757e-01
3.234634318693307087e+00 4.696201320804295420e+00 9.864639413413907931e+00 2.441103264676861784e+00 -8.770472763090971569e+00 4.614330740226876948e+00 9.052355437742765076e+00 -1.479290246797489061e+01 1.035858402423343039e+00 -1.008847914457384398e+01
1.117679020003747326e+01 -2.728678156184706216e-01 3.063070115639945801e+00 2.959995788442442599e+00 -8.459527774439843384e+00 3.192137376714887065e+00 3.562516693909115073e+00 -5.582102625058764644e+00 -6.569636823956574112e+00 -3.990747764918974205e+00
4.053112697643899587e+00 5.578181399189854339e+00 3.369371593568952328e+00 6.010209853112260525e+00 -5.998595090199986934e+00 -7.653073000116336622e-02 -7.622906434229749451e+00 6.356389977210209485e-01 1.441987641805070997e+00 -4.921716006277913280e+00
5.537642700805625040e-01 -6.284052466655388081e+00 1.508502788140757112e+00 4.733240650661103111e+00 1.237566756190815243e+00 2.510831261737395792e+00 -1.280580252448113399e+01 2.956640580390961226e-01 2.190059710054407915e+00 6.108698836518458464e+00
-2.123851461420704112e+01 -2.867263897690175867e+00 -1.152425902890356069e-01 1.794802529695432369e+01 -8.843337167205062244e+00 1.185268142389503865e+01 -1.057367404972708175e-01 9.430619501313652009e+00 -1.939688477765993468e+01 1.266614648877151872e+01
