-3.469725835604835495e-01 -2.463699478369054396e-01 -1.887412440849987938e+00 8.825293537230514129e-01 -4.186979047937629872e+00 -8.825472554970827943e-01 5.923826709813496016e+00 8.711337327962993538e-01 7.923491626883756300e-01 3.342586928725477247e-01
-2.533786489515081186e+01 -5.670739891500233831e+00 1.386717590195241634e+01 2.801040459631461488e+01 -1.348761342958442455e+01 -1.125851603718328153e+00 7.942081259698888118e+00 -8.008710379540275870e-01 -3.584107727152871514e-01 -3.018334312169818290e+00
6.723173310280709636e+00 6.388758084259550385e-01 -1.393762630901675958e+00 9.052584294612534777e+00 -1.165850188209964333e+00 -1.477958012695260503e+00 3.846921217545020699e+00 -4.782323337872377067e+00 -1.360128728031681611e+00 -7.425144531134326265e+00
-6.015693396586338615e+00 -2.298494418353162150e+00 1.170419824003363196e+00 -1.174594654988728726e+00 4.673560260476101291e+00 3.987675780515974377e+00 -9.012997627878570839e+00 -6.450531890226158804e-01 1.051304067533241771e+01 1.300495080755561306e+00
8.794037870504374244e-01 -2.619121386158168807e+00 9.934730659808850284e-01 7.144833922685388750e+00 -6.717467123935922046e+00 -3.804856569797946175e+00 -1.382625803719252033e+01 8.912524869530752625e+00 7.558516387945504178e-01 9.790749078663839811e+00
6.548922713294787812e+00 -8.575819646643754623e+00 -1.423012409771663656e+01 -9.372574497888924938e+00 4.231369020953559712e+00 1.013766133648556611e+01 -4.777916940514386201e-01 1.571009754694967064e+00 7.103586011489388063e+00 1.051773227454348314e+00
4.090371540535879258e-01 3.392323867809576843e-01 -2.944169759710713485e+00 6.009755434312908484e+00 -2.883656567966638384e+00 -9.589702859775522725e+00 -1.874834933789439617e+01 1.256656074018408731e+01 7.497606412225817252e+00 4.832935998269944022e+00
-5.053062776201167061e-01 -1.988550349697234987e+00 -1.295863635555786608e+01 -5.018951837591627552e+00 7.915149194185004511e+00 2.342133781837761219e+00 4.652399772136692313e+00 -3.623770012855444644e+00 4.330193926686950689e+00 5.708379531570859200e+00
-1.113851756341673394e+01 -4.538490116010843733e-01 5.533735885598722870e-01 4.908552203567581707e+00 6.546782782298920189e+00 3.095357665009723203e+00 -1.801639213057009581e+00 -3.178199729559961551e+00 -1.853548105237492027e+00 2.660017221714304547e+00
1.015497923189121110e+01 1.143767949889083813e+00 5.575306410000790081e+00 -1.452604121719649299e+01 1.316688685743716780e+00 -1.220181831878358203e+01 1.185359541929069671e+01 -3.548194291333416572e+00 7.130049117570138595e-01 -2.199171002299004307e+00
4.196255403766953940e+00 -5.232285993118737544e+00 5.374835419060993047e+00 3.419213962572244636e+00 2.032818551368805737e-01 -2.751934874622695482e+00 -1.133644690094601781e-01 6.583235046028474979e-01 -6.938987519014497174e+00 7.424510179923271558e-01
4.105638718690928002e+00 2.471275171322246944e+00 9.460210444377382899e+00 1.115944672231073964e+00 -8.584433667388999822e+00 3.944027980168049563e+00 8.438067531395205378e+00 -1.097240327888059852e+01 -1.385987569952877863e+00 -7.240930395241210960e+00
1.111394805987289836e+01 -2.238244001599756672e+00 3.306658672436996405e+00 3.702562801939872639e+00 -6.183183767942288078e+00 5.731919175159859492e+00 3.656891411962619465e+00 -3.959239386641844938e+00 -5.493438368526406990e+00 -8.252170442599673805e+00
3.669436157196396930e+00 2.256117250946479746e+00 2.306390331991947651e+00 8.106058558565917949e+00 -4.827311381561599113e+00 -9.054924338590681909e-01 -5.799489755055521556e+00 -3.058149453580401467e+00 2.144036332621844121e+00 -4.730167385857839690e+00
-2.640122525228258521e+00 -4.039787673958334935e+00 -1.598195974379085893e+00 1.114052688648211031e+01 3.099169408745695797e+00 9.347425277989481529e+00 -3.788897801633914497e+01 4.632377928478240925e+00 5.701496260761182988e+00 7.914218903670929173e+00
-3.761255321727359302e+01 -6.863976397314689670e+00 -2.583349631954584780e+00 1.943164940155686438e+01 -1.260802945697725441e+01 7.914073510298999636e+00 -1.186549902092006059e+00 2.431440162794917370e+01 -1.115861203129527546e+01 2.075421079667795610e+01
