-3.079063816151497157e-01 -5.072647102711727030e-01 -9.907276194919582224e+00 2.427721265659663619e-01 -4.184349133578258995e-01 -8.191431232117938332e-01 1.038290720222621033e+01 -8.198165340135685764e-01 7.430958327858445678e-01 2.722074580661570931e-01
-1.642982114027317664e+01 -2.236459963699983788e-01 2.418689901215135052e+01 -8.934334982848097795e+00 -1.941001754102844146e+01 -1.247544607735983568e+01 3.553147959202770068e+01 7.507487560570795804e-01 -6.815456410435123402e-01 -2.854863521520998315e+00
8.727890100642559545e+00 1.214343043594374905e+01 2.689805890719581427e+00 3.294515510528027047e+00 -4.614282258701134509e+00 -8.085753433068644469e+00 1.826614751008738713e+00 -1.748829975421245209e+01 -2.639700908202231133e+00 3.828827039411269340e+00
-3.506159620757332451e+00 -3.787858832096474004e-01 -4.495559788281893177e+00 -1.821478985075033918e+00 6.889975025319001745e+00 -5.118877816674464398e+00 -8.117056674801792937e+00 -2.468483425851172086e+00 2.067179819738024804e+01 4.975700207901356809e-01
-3.548081163609050570e+00 4.983632115293381126e+00 5.016227612865182373e+00 7.906946929350501030e+00 -1.161576401220216859e+01 -2.150388797579978917e+00 -1.788107197505275536e+01 1.119722365443450585e+01 -3.523863055120394883e+00 9.450087433715781415e+00
1.036550658690923754e+01 -8.442471333224723651e+00 -1.583151247751961321e+01 -1.359442953006290367e+01 -4.926268802008441638e-01 3.185305944199245509e+00 6.916275623196116662e+00 2.719965599668693557e+00 1.403848166769548378e+01 -6.508274436928274120e-01
-4.907180174127822703e+00 2.104549620986713165e+00 5.843906711749812466e+00 1.352752089748287867e+00 3.982101458677707484e+00 -1.914148937404709372e+01 -2.164720552128171249e+01 1.950415354232184484e+01 7.065006081521675085e+00 8.191258039962661996e+00
5.732210343923842544e-01 -2.535936075831243475e+00 -3.029853356329476100e+01 -3.137686819185526055e+00 1.291109064319317667e+01 3.889834449668498451e+00 5.995020478484832438e+00 -1.651621457847644692e+00 8.475419000266350977e+00 8.275852957898344187e+00
-1.273981871683414369e+01 -2.300597080180645904e+00 -2.097443708370406057e+00 1.050154426344333913e+01 1.432879171704083276e+01 -2.459510876271481017e+00 -1.230654832885497152e+00 -5.022789718153349625e+00 -1.850968952756045338e+00 3.281109964600682272e+00
1.158884173609518342e+01 -2.870373616259485061e+00 2.435169925982768602e-01 -2.256336199375539664e+01 6.014912739050040535e+00 -1.084023155060934229e+01 1.875482346692738389e+01 4.043238390725900189e+00 -2.287358237691539120e-02 -2.892234563316043783e+00
4.350886513707172276e-01 -3.024860288380140982e+00 2.012468555755565092e+01 -5.253838323520247933e+00 -4.276062730794254030e+00 8.334068566345312234e+00 8.327956883804277233e-03 -5.916501389129742883e+00 -5.546625061990320127e+00 -3.462076384421858943e+00
8.328519874982363902e+00 4.527927311919500930e+00 1.081452197962429551e+01 9.761317850790359074e+00 -5.756854947386186971e+00 7.752541874554245815e+00 7.140982021069421037e+00 -1.580971417675746515e+01 -8.657183861623305887e+00 -1.548251641781855525e+01
8.853985866301659513e+00 -3.228740337082943057e+00 9.812847775691611929e+00 1.164917969613905768e+01 -2.543162598243839767e+01 1.033560226107340085e+01 1.091919545573172456e+01 -5.267840498039745967e+00 -1.747588702862140764e+01 -1.546579801036623625e+00
6.126863095039612794e+00 7.156415338100311274e+00 2.001431576533892365e+00 4.696897456699145046e+00 4.237469818893189633e+00 2.111942389851043433e+00 -2.221648759984087462e+01 -3.429199746262248105e-01 7.103273054649393181e+00 -9.777891862985210736e+00
1.529565160109282473e+01 -9.886541277848285958e+00 1.733839539056175738e+01 1.564495675581614798e+01 -2.054197303432161092e+01 4.626000142411793803e+00 -2.333063444888443527e+00 5.546714174054293345e+00 -3.175500567686365372e+01 6.013346929899387128e+00
-2.161708298055864219e+01 1.290643649309902996e-01 5.338483354890254384e-01 -6.306309304619869494e+00 -7.113574926114619501e+00 -1.314483706380114914e+00 -3.980134480138907693e-01 1.732951870212733780e+01 -2.345540774486116309e+00 2.161435975130289222e+01
