-3.314785030830844637e-01 6.224171694590306947e-01 -1.980936957484261640e+01 9.965021973883021467e-01 -4.210580553449370989e+00 -1.162998465621281063e-01 2.500956888872973494e+01 7.321784445173118439e-01 -4.721791007047766442e-01 -9.814191578294020335e-01
-3.163453127489197314e+01 -1.015704446196518873e+01 1.554347060858219542e+01 2.781310825652326457e+01 -9.444653330587266638e+00 1.934823888960294003e+00 1.096048072182457922e+01 -3.369265455424276245e-01 -1.001746409990649678e+00 -4.594103925504123609e+00
1.387787734166479492e+00 -1.011781766785291303e+00 -1.085555477483562514e+00 8.690734640446141412e+00 -2.892468415928704850e+00 -2.142426093858993408e+00 5.511011644211018634e+00 -1.141188179146921389e+00 -1.116546549454227710e+00 -5.038692047924953954e+00
-1.714228286630404385e+00 -4.720276529512588581e+00 -2.371138598838254397e-01 1.177824845345189497e-01 3.766923273759988255e+00 1.779369540546919426e+00 -8.210242887547581248e+00 -9.644826213064813247e-01 7.039719669460696494e+00 2.157100853706898635e-01
3.186338942320962042e-01 -1.514239304961138011e+00 4.557172119642893371e+00 5.019207687910875570e+00 -8.133849703655741337e+00 -2.487884297118534427e+00 -1.090394982200183982e+01 9.106127292497223635e+00 -7.821846414928470548e-01 6.547455471876002520e+00
3.028893697490490311e+00 -9.072782926332582321e+00 -1.081175316678878673e+01 -8.894629815325785671e+00 3.795266684109294353e+00 9.116089104442686164e+00 -2.882074109623034897e+00 3.561644871292325654e+00 7.356840051317218965e+00 2.294472900159164386e+00
4.644689541542392774e+00 -2.561471112612004886e-01 6.079262045637341405e-01 7.069576981198491872e+00 -3.370247172259078550e+00 -1.010380250708526617e+01 -1.754213022407290268e+01 9.425457769678557085e+00 4.142086487726228228e+00 3.454374795312016744e+00
-3.059777553367004188e+00 -8.127700378682256588e-01 -1.501971112074201997e+01 -4.847379864650068093e+00 1.016541232510059523e+01 4.203973470014855662e-01 4.996723075659478042e+00 -4.733878307756984039e-01 8.103152252134231404e+00 5.312538454215594896e+00
-9.306663739929742718e+00 -1.535850372277389519e+00 1.781934237725961045e+00 5.098320458110927156e+00 6.686927472335549183e+00 4.027130497775122109e+00 6.622030344525559054e-01 -4.994662980785140149e+00 -3.047305849980153525e+00 1.276316879430039464e-01
8.580333101517116035e+00 2.054467734712941862e+00 6.617384676676178579e+00 -1.372211724982155268e+01 2.042519904002184639e+00 -1.297236692335548547e+01 1.046544907433315252e+01 -2.561954556152996165e+00 4.140427526626676347e+00 -3.263450488351109957e+00
3.254505443315022895e+00 -7.349927225882787241e+00 8.770327997162709721e+00 2.812307629987979674e+00 6.530743023032588024e-01 1.331297573735545359e-01 8.806922660504368228e-02 6.396255197494520317e-01 -7.392340300615424908e+00 2.142706160211516608e-01
4.217023904276443247e+00 1.892069128127507049e+00 1.057766529635073027e+01 1.351743579911235393e+00 -8.667395221741179157e+00 3.368538440722971039e+00 8.415876836880881839e+00 -1.042259286741154156e+01 -1.072851277368765288e+00 -1.053310190459150064e+01
1.075181754377379661e+01 -1.517091077305204649e+00 4.256487713577683074e+00 3.549099994694618676e+00 -6.598219120993682019e+00 1.731012258722863573e+00 3.408557183719126638e+00 -4.650317187780193429e+00 -4.883358496057062403e+00 -6.460885125229450132e+00
5.062701642157879434e+00 3.007554953554373078e+00 3.256941037766343250e+00 7.249713812729313034e+00 -5.787334487804262295e+00 -8.771835163164435345e-01 -5.749943919028470241e+00 -3.123059353774358948e-01 2.179245439532747852e+00 -5.734636480834365280e+00
-2.783142048619917208e+00 -1.965486497443632796e+00 -4.871525605777821788e+00 1.044862703580689001e+01 2.091835703835204008e+00 7.233399220977337229e+00 -2.831607414897034047e+01 6.973973742523853048e+00 3.291587902196597692e+00 7.800434085753482627e+00
-2.104575592577357668e+01 -4.537432687424554523e+00 -3.608041378793552578e+00 1.871629529219381283e+01 -9.568304456236129241e+00 7.464169167369305136e+00 5.011637164646454146e-01 2.117712988705790877e+01 -2.540976977534895909e+01 1.671815264994016914e+01
