5.993606003169371643e-01 5.921328012041326971e-02 -1.983368961666224450e+01 -4.263437928006164057e-02 -2.942333415549851949e+00 5.086153987460895198e-01 2.453601835857282865e+01 -9.370039565403187609e-01 5.192528268794971424e-02 -3.828904393074208379e-01
-4.874759545516088366e+01 -1.433409221429078606e+01 1.677783906658745749e+01 3.742792332147792678e+01 -8.998238424545411007e+00 4.249510694690156853e+00 1.627724960277232924e+01 -9.749089892832500936e-01 6.345216572596699134e-01 -3.805890827970071388e+00
7.814778647997736805e+00 5.437196634395446537e+00 -2.001724383490283699e-01 1.278782941590403155e+01 -5.987794915650841432e-01 -2.279384742714965828e+00 7.113591309841806876e+00 -2.571438679445555664e+01 -2.882344920851225289e+00 -3.584034675503131595e+00
-7.196953014242600588e+00 -6.148576671795945359e+00 8.076902164725230371e-02 -2.027724964127329166e+00 6.235082034358651271e+00 4.089123483967351369e+00 -8.915171984112317816e+00 3.592508332820623096e-01 1.254200330262135488e+01 -2.712303241607367799e-01
1.893106482771849564e+00 -1.901142340076985793e+00 2.142843556865375643e+00 5.731979441477548676e+00 -1.087373567321554368e+01 -2.163130277027712545e+00 -1.446355940791910299e+01 1.033801667213862707e+01 -1.596405795073343681e+00 8.169916360515948384e+00
5.139336351621263788e+00 -1.034039526131576814e+01 -1.479461802443212726e+01 -1.131068681148981270e+01 5.085317053680220134e+00 1.096510866971441089e+01 7.110599515804250093e-02 4.854572401972871099e+00 8.390319708772702612e+00 2.875543366093546105e+00
1.840994775722095023e+00 1.214153501173756977e-01 -4.205865094970079876e-01 9.939379338459769286e+00 -3.223958464794165923e+00 -1.002346873719667286e+01 -2.351329432442143386e+01 1.221264552926098013e+01 4.731217863196494733e+00 6.198362687332773291e+00
-2.744390864987039436e+00 2.415264463994137301e-01 -2.138415605709653278e+01 -7.437576122846746074e+00 1.525894640681582182e+01 1.858632306577066462e+00 3.103228958054116138e+00 -8.263675774861367618e-03 7.761382085787328577e+00 6.767274719938981775e+00
-8.733641693595243893e+00 -2.374966858403215308e+00 5.009049029805153985e+00 6.498636597413595339e+00 5.834866100132339639e+00 4.696349069042745406e+00 2.905202666426408342e+00 -6.805417521719923535e+00 -7.114110435707877045e+00 1.681740361936720496e-01
1.089261589237306005e+01 5.458986418445089805e-01 5.445388701493750538e+00 -1.737393970687705647e+01 3.894553465434269057e+00 -1.487911498864957771e+01 1.282310470901895272e+01 -3.195280971541092807e+00 2.464431649877425023e+00 -2.026497796142843644e+00
5.782047321449738320e+00 -6.651558090390734534e+00 8.989123909740184715e+00 5.836348229884674055e+00 -1.278663251293070235e+00 -1.130353914126269954e+00 -7.171403514223394504e-01 -1.039782172560703988e-01 -1.171560919241073329e+01 4.475743995649999474e-01
7.085952178966690163e+00 3.137973363772448288e+00 1.106435964865978683e+01 1.356269240528036768e+00 -1.199982048569408555e+01 6.158829973216378484e+00 1.315256181994996609e+01 -1.699105408293793573e+01 -1.498322862993485050e+00 -1.165746572482815679e+01
1.168785775285142492e+01 -3.209680723307237749e+00 2.936856884610647977e+00 4.467552254958421010e+00 -1.040691654198272786e+01 1.669536933396056355e+00 7.903695267267194957e+00 -5.339872701306268787e+00 -4.701888934211238436e+00 -5.850464337228368450e+00
1.554737159575925176e-01 4.246327737219963261e+00 1.794576496231365503e+00 8.032392965995915901e+00 -6.486699441852249670e+00 1.271746547836497765e+00 -8.064686605341393033e+00 1.751485930130451063e+00 3.042625797969693124e+00 -5.176764969437923192e+00
3.077822897913195632e+00 -6.806380025408850010e+00 -1.904160314923151631e+00 8.324198162242534949e+00 2.107165117726289338e+00 5.524434356743508800e+00 -2.282775038704633630e+01 5.009732540323457606e+00 -1.154498716944164061e+00 5.862990562614370127e+00
-2.011671717758411404e+01 -4.337430708370641597e+00 -7.862425777919173076e-01 1.542449615218740888e+01 -1.391613946421638204e+01 7.051828024430990105e+00 -8.478041101057951501e-01 1.812145694026706266e+01 -1.711149287372076699e+01 1.678693120511815096e+01
