9.562274404996451427e-01 3.868913278173342629e-01 -5.181952054215213543e+00 -4.570000684674009328e-01 -4.571380169518835856e+00 3.827936190869540845e-02 9.635367548729670162e+00 5.025179197497235961e-01 -3.221601390713330626e-01 3.174436626379268933e-01
-3.420489766402380383e+01 -1.135270859653135211e+01 1.906605892033253369e+01 3.616066352373085380e+01 -2.126494990916508598e+01 6.104657583490515904e+00 1.491857218118327388e+01 3.993795266116449416e-01 -5.037328175062564917e+00 -4.738175320763800435e+00
1.797990097283775457e+00 -6.853445964511730715e-01 -1.631252384684390044e+00 1.045019449175636161e+01 -1.450793606091403287e+00 -2.618430150042214688e+00 5.492140851220064235e+00 -3.700445707764681735e+00 -1.790309040896154391e+00 -6.694502142158044400e+00
-8.036191048069120768e+00 -4.468139964806402631e+00 4.434639256953916697e-01 -1.826807708666440044e+00 4.976573651132972564e+00 5.650825009480016980e+00 -1.230627505078314776e+01 1.237591177588975855e-02 1.494857288206401691e+01 1.671099135858064022e+00
7.636352538171652382e-01 -1.761443501332353501e+00 3.163553987676012369e+00 8.928628989378429637e+00 -9.106585097766721759e+00 -6.167823813775195063e+00 -1.368272522946544001e+01 9.715977293333882159e+00 -3.175284779394776713e+00 9.812465152985032191e+00
8.874725539926505036e+00 -9.646587554626051997e+00 -1.527835712413882163e+01 -1.309991533620130610e+01 5.572229183737461788e+00 1.231264722525001964e+01 -4.093983829573594746e-01 3.101777084836985665e+00 7.573368057391784092e+00 9.051421932740094656e-01
1.180637699219981407e+00 1.491026314600812475e+00 1.015158187326775430e+00 7.110972227732661466e+00 -9.046813118901360085e-01 -1.187604236779835354e+01 -2.255028202396604797e+01 1.475400607437938305e+01 7.286432431713518731e+00 3.753508829833827942e+00
-1.465966249637879804e+00 -3.144181808093395869e-01 -2.072342501893049871e+01 -7.656166462396959638e+00 1.247585469504311995e+01 5.769835446682736180e-01 3.973440000690552143e+00 -1.581796951066857915e+00 6.409942503757225296e+00 7.800435201897583326e+00
-1.274623884607243873e+01 -3.967296100707469186e+00 2.843053579833576539e+00 6.761095063200202482e+00 7.934476926657071161e+00 3.821015352558582379e+00 1.312303854408476855e+00 -5.131675460524463439e+00 -3.595204453635290953e+00 3.022845539060866393e+00
9.513118491041691271e+00 1.740057295940562687e+00 8.335420680930628379e+00 -1.677681828859962110e+01 1.949308712261295540e+00 -1.649895024612689198e+01 1.250638839166405702e+01 -4.500734948158401139e+00 4.864364686117689018e+00 -1.792177208181878534e+00
4.715582777200713949e+00 -8.803498275618565572e+00 9.393322406559885707e+00 2.430829506337915724e+00 -1.060522515617988271e+00 -7.011787845019580301e-01 -8.820194851917614320e-01 1.645126877492645745e+00 -7.348532980217817645e+00 -3.775538633208606054e-01
7.974555028133267776e+00 3.319164761337504821e+00 1.156623297995511024e+01 2.141961508086499766e+00 -1.227580519280149574e+01 5.170970151663291325e+00 1.013991187695724605e+01 -1.489331790111222276e+01 -2.010156614180251822e+00 -9.218027050984380466e+00
1.060340109957823707e+01 -2.074671126622610551e+00 2.895488863333034235e+00 5.877248502808140707e+00 -9.610832091562164337e+00 4.744971403359756756e+00 7.164275921695098859e+00 -6.338193576632672688e+00 -4.769902568729767367e+00 -7.784040762062732988e+00
4.694094406109397433e+00 2.938735421483974264e+00 2.961314433805235513e+00 9.819296734124064230e+00 -4.828460646337421558e+00 -4.880047200285892450e-01 -7.400257922640964381e+00 -4.022985327278624901e+00 1.515529051022599827e+00 -5.862698112588401678e+00
-6.369316769807634948e+00 -3.367782839925494098e+00 -6.436533156999541205e+00 1.433333997560320938e+01 4.574723419882248621e+00 9.592840767064663154e+00 -3.066707110672713910e+01 4.168895493788210338e+00 3.361824680300674384e+00 8.592181724882657079e+00
-3.146351197365647678e+01 -5.667216680731252509e+00 -2.139527971716082000e+00 2.069327977038809507e+01 -2.076518580330779074e+01 8.169133240517828298e+00 3.048201977008867525e-01 2.398800148359522666e+01 -1.115715396051956532e+01 1.870334619562577672e+01
