-7.163264788168022257e-02 -5.792021355243686109e-01 -1.981938906139050971e+01 -7.609947278354127764e-01 -4.973530721688329770e+00 -3.400131827084644787e-01 2.370720262592060124e+01 3.234255985259752997e-01 -8.876692849305545252e-01 -3.193460970163459756e-01
-4.888749099519101549e+01 -1.410376817102370239e+01 1.172952348071834017e+01 3.095909588269098833e+01 7.120311253393427076e-02 3.949206338013817597e-01 1.470580561998678526e+01 -9.058522520044298698e-01 8.051105031938256218e+00 -5.038960860311578749e+00
2.913842099724299306e+00 1.843135638290398060e+00 1.413902593941437580e+00 9.772589236896699560e+00 1.220016131028533568e+00 -2.108190279227529107e+00 6.703691814879091382e+00 -2.059756999681474099e+01 -2.019411501041343260e-01 -2.703362320559656862e+00
-3.235331035349124029e+00 -2.306804452146685502e+00 -2.448497816574781716e+00 1.284906795088023079e+00 6.729443458481574325e+00 -3.402973521206417717e-01 -7.547317260523273674e+00 -1.589865350830190982e+00 1.147716898194146395e+01 -3.998910373192944290e-01
-1.200529697672156670e+00 -5.036796832833928539e-01 2.596125577995211486e+00 5.120724777896977109e+00 -8.446087915981589589e+00 -1.528078962177744415e+00 -1.045741941040814460e+01 1.005918384911447205e+01 -1.199835297471724349e+00 6.374323306871605865e+00
4.604607231776798315e+00 -9.585280558662747197e+00 -1.221987342224675821e+01 -9.280330097688855417e+00 5.536218092047006323e+00 7.878591355519089845e+00 8.812435488554520857e-01 2.233641731096104088e+00 6.463596393412556651e+00 1.528583568005332349e+00
1.186439510519444962e+00 1.971048922857293606e+00 1.353929382375673729e-01 6.825569638844234177e+00 -3.269864718673143766e+00 -7.019328277703523966e+00 -1.821694960161203269e+01 1.065778440211313871e+01 4.321939936376845814e+00 3.030359317544130349e+00
-3.881134132314149277e+00 -1.871834710275736224e+00 -1.712354775942521101e+01 -5.370044167144719438e+00 9.854952758783344535e+00 1.442821439473530365e+00 3.851556636642460063e+00 -3.225238441635651099e-01 5.675605667385177355e+00 4.639091744057708411e+00
-6.515978738456356112e+00 -1.606077580602729649e+00 3.976540313496964352e+00 6.281117269112209911e+00 4.890710174418624767e+00 4.821893352914024433e+00 1.996332724106363532e+00 -5.655405270772519088e+00 -5.400609410019055368e+00 -1.505073111166657096e+00
7.589403815515920471e+00 1.205987201680250198e+00 5.812492488081450581e+00 -1.622529398228976660e+01 3.672644025557636471e+00 -1.386574211623273101e+01 9.911937317476043674e+00 -3.854655634117361451e+00 4.870675881362717341e+00 -2.623235553918032537e+00
3.389746013238054800e+00 -4.404965068167243203e+00 8.486161269643265115e+00 5.544763610221295380e+00 -1.855335521634927876e+00 -1.102152042048410330e+00 2.013880155412572370e-01 3.262626803616725524e-01 -9.693613182750315360e+00 -4.325434206274518245e-01
5.295166894467562280e+00 3.015873958168430846e+00 1.028903938595456324e+01 2.216225623359419750e+00 -8.228093354166253093e+00 6.034084477629764187e+00 9.217483829429427900e+00 -1.609237398727690760e+01 5.269755465935763716e-01 -9.437865623642718305e+00
1.221167247665168709e+01 -8.253816119767642956e-01 3.054697765958979350e+00 3.681697433756189852e+00 -6.117122772763634586e+00 2.174769102328099279e+00 3.323932861445953346e+00 -4.597867174213787322e+00 -7.319984566195900655e+00 -5.595421679908892720e+00
2.662465537115557446e+00 4.622607905343481427e+00 1.915005244584310207e+00 8.205038257096752830e+00 -4.582855869674762772e+00 1.044027817476496311e+00 -8.834570088115832220e+00 -6.408901030166809232e-01 2.178526050630530175e+00 -3.361305169767561996e+00
4.443175999288256683e+00 -4.911622955414117975e+00 -2.265403824861221604e+00 7.529994617662405965e+00 2.923123485475194627e+00 4.564961425442705334e+00 -2.011242240696397587e+01 3.034957964555519805e+00 -3.419324373060218525e-01 7.164566404796773647e+00
-1.809271030583579432e+01 -3.448238463503573215e+00 -1.046746113739394968e+00 1.414142819970683362e+01 -6.350863958437744650e+00 7.776948270430313670e+00 3.683285819875750100e-01 1.072109644315607291e+01 -1.433322239180071023e+01 1.018999670943015801e+01
