4.700665188470066758e-01
5.033259423503325669e-01
4.811529933481153432e-01
4.878048780487804770e-01
4.567627494456762971e-01
4.634146341463414309e-01
4.523281596452327635e-01
4.501108647450110523e-01
4.501108647450110523e-01
4.678492239467849645e-01
4.478935698447893410e-01
4.589800443458980084e-01
4.434589800443459184e-01
4.501108647450110523e-01
4.434589800443459184e-01
4.456762749445676297e-01
4.368070953436806736e-01
4.390243902439023849e-01
4.368070953436806736e-01
4.390243902439023849e-01
4.345898004434589623e-01
4.412416851441242072e-01
4.279379157427938285e-01
4.412416851441242072e-01
4.279379157427938285e-01
4.323725055432372510e-01
4.257206208425721172e-01
4.301552106430155398e-01
4.190687361419068724e-01
4.257206208425721172e-01
4.190687361419068724e-01
4.168514412416851611e-01
4.146341463414634498e-01
4.101995565410199163e-01
4.124168514412417386e-01
4.013303769401330712e-01
4.013303769401330712e-01
3.835920177383591589e-01
4.013303769401330712e-01
3.769401330376940251e-01
4.035476718403547824e-01
3.791574279379157364e-01
4.013303769401330712e-01
3.747228381374723138e-01
4.013303769401330712e-01
3.702882483370287803e-01
3.946784922394678263e-01
3.658536585365853577e-01
3.902439024390244038e-01
3.658536585365853577e-01
3.858093126385809812e-01
3.569844789356984016e-01
3.813747228381374477e-01
3.525498891352549791e-01
3.813747228381374477e-01
3.481152993348115565e-01
3.858093126385809812e-01
3.458980044345898452e-01
3.880266075388026925e-01
3.392461197339246004e-01
3.858093126385809812e-01
3.325942350332594666e-01
3.835920177383591589e-01
3.325942350332594666e-01
3.747228381374723138e-01
3.370288248337028891e-01
3.725055432372506026e-01
3.325942350332594666e-01
3.702882483370287803e-01
3.325942350332594666e-01
3.636363636363636465e-01
3.259423503325942217e-01
3.569844789356984016e-01
3.281596452328159330e-01
3.592017738359202239e-01
3.237250554323725105e-01
3.547671840354766903e-01
3.237250554323725105e-01
3.569844789356984016e-01
3.259423503325942217e-01
3.569844789356984016e-01
3.259423503325942217e-01
3.525498891352549791e-01
3.237250554323725105e-01
3.481152993348115565e-01
3.237250554323725105e-01
3.458980044345898452e-01
3.237250554323725105e-01
3.414634146341463117e-01
3.148558758314855544e-01
3.370288248337028891e-01
3.192904656319290879e-01
3.348115299334811779e-01
3.126385809312638431e-01
3.325942350332594666e-01
3.104212860310421318e-01
3.281596452328159330e-01
3.126385809312638431e-01
3.237250554323725105e-01
3.104212860310421318e-01
3.170731707317072656e-01
3.082039911308204205e-01
3.192904656319290879e-01
3.037694013303768870e-01
3.148558758314855544e-01
3.037694013303768870e-01
3.170731707317072656e-01
3.059866962305987093e-01
3.170731707317072656e-01
3.037694013303768870e-01
3.082039911308204205e-01
3.015521064301551757e-01
3.059866962305987093e-01
3.037694013303768870e-01
3.037694013303768870e-01
3.015521064301551757e-01
2.993348115299334644e-01
2.993348115299334644e-01
2.971175166297117531e-01
2.971175166297117531e-01
2.949002217294900419e-01
2.949002217294900419e-01
2.949002217294900419e-01
2.904656319290465083e-01
2.926829268292683306e-01
2.904656319290465083e-01
2.904656319290465083e-01
2.882483370288247970e-01
2.882483370288247970e-01
2.882483370288247970e-01
2.860310421286030858e-01
2.815964523281596632e-01
2.815964523281596632e-01
2.815964523281596632e-01
2.793791574279379519e-01
2.793791574279379519e-01
2.793791574279379519e-01
2.793791574279379519e-01
2.771618625277162407e-01
2.749445676274944184e-01
2.727272727272727071e-01
2.727272727272727071e-01
2.705099778270509958e-01
2.705099778270509958e-01
2.705099778270509958e-01
2.705099778270509958e-01
2.660753880266075733e-01
2.638580931263858620e-01
2.638580931263858620e-01
2.638580931263858620e-01
2.616407982261640397e-01
2.616407982261640397e-01
2.594235033259423284e-01
2.594235033259423284e-01
2.594235033259423284e-01
2.572062084257206172e-01
2.549889135254989059e-01
2.549889135254989059e-01
2.549889135254989059e-01
2.527716186252771946e-01
2.527716186252771946e-01
2.527716186252771946e-01
2.527716186252771946e-01
2.527716186252771946e-01
2.527716186252771946e-01
2.549889135254989059e-01
2.549889135254989059e-01
2.527716186252771946e-01
2.505543237250554833e-01
2.505543237250554833e-01
2.483370288248336610e-01
2.483370288248336610e-01
2.461197339246119498e-01
2.439024390243902385e-01
2.461197339246119498e-01
2.416851441241685272e-01
2.416851441241685272e-01
2.394678492239468159e-01
2.372505543237251047e-01
2.350332594235032824e-01
2.328159645232815711e-01
2.328159645232815711e-01
2.350332594235032824e-01
2.305986696230598598e-01
2.283813747228381485e-01
2.305986696230598598e-01
2.283813747228381485e-01
2.283813747228381485e-01
2.283813747228381485e-01
2.305986696230598598e-01
2.261640798226164373e-01
2.239467849223947260e-01
2.239467849223947260e-01
2.239467849223947260e-01
2.239467849223947260e-01
2.217294900221729037e-01
2.195121951219511924e-01
2.217294900221729037e-01
2.195121951219511924e-01
2.195121951219511924e-01
2.195121951219511924e-01
2.195121951219511924e-01
2.172949002217294812e-01
2.172949002217294812e-01
2.195121951219511924e-01
2.150776053215077699e-01
2.150776053215077699e-01
2.172949002217294812e-01
2.150776053215077699e-01
2.128603104212860586e-01
2.150776053215077699e-01
2.084257206208425250e-01
2.084257206208425250e-01
2.084257206208425250e-01
2.106430155210643473e-01
2.062084257206208138e-01
2.062084257206208138e-01
2.062084257206208138e-01
2.039911308203991025e-01
2.039911308203991025e-01
2.062084257206208138e-01
2.017738359201773912e-01
2.017738359201773912e-01
2.017738359201773912e-01
2.039911308203991025e-01
2.017738359201773912e-01
2.017738359201773912e-01
2.039911308203991025e-01
2.017738359201773912e-01
2.017738359201773912e-01
1.973392461197339687e-01
1.973392461197339687e-01
1.973392461197339687e-01
1.951219512195121464e-01
1.973392461197339687e-01
1.951219512195121464e-01
1.951219512195121464e-01
1.973392461197339687e-01
1.951219512195121464e-01
1.951219512195121464e-01
1.951219512195121464e-01
1.906873614190687238e-01
1.884700665188470126e-01
1.884700665188470126e-01
1.840354767184035900e-01
1.796008869179600564e-01
1.818181818181817677e-01
1.796008869179600564e-01
1.796008869179600564e-01
1.818181818181817677e-01
