5.360491816918711017e-02 -4.361217640164484211e-01 -2.476957990457809844e-01 -2.827830094750246603e-01 -2.129228948514583220e-02 -3.136944563752560589e-01 -3.363411489383822950e-01 4.259742741445913250e-01 2.406306702558171917e-01 -2.035005700227872083e-01 -3.798867087077968385e-01 1.972240415821872039e-01 -1.397789631693968637e-02 -1.045282424546429834e-01 -3.216195719046188728e-01 -7.665609341203316607e-02 1.688974990340175175e-01 -4.404831526365198258e-01 -4.174686532052730437e-01 -1.281090298605951361e-01
-2.384122634704941845e-01 -4.071669263301144204e-01 4.859197563279856191e-01 -6.142082000652220319e-01 6.797555149303859123e-02 1.623700165216878655e-01 4.865165627892706346e-02 -6.489084166772624007e-02 3.292530336608002206e-01 -1.431377933454337503e-01 -2.148311222401373954e-01 -2.864678205997693294e-01 4.094036651734678234e-01 -1.581286809437786045e-02 1.547294893062435006e-01 -2.529979824973540570e-01 3.303925159157702351e-01 1.264621211644122167e-01 -1.361239273095800062e-01 2.461810901825161324e-01
-4.804067234265113617e-01 -1.012828962110815523e-01 9.736914999434054252e-02 -7.751987370456525639e-02 -1.693506530161610346e-01 1.819889235388536530e-01 -3.384198468748683686e-01 -3.035355392615939341e-01 -1.378345868324296619e-01 -3.563099133400472462e-01 1.276730292450231063e-01 -4.039263232983216767e-01 3.558816328233450621e-01 -1.668923406362285977e-01 9.520064105854220138e-02 -2.785174459810383363e-01 4.293893671594606332e-03 -3.444585314162587064e-01 4.620885552012052866e-01 7.567995168626906466e-02
2.157621898861400433e-01 5.976360403451198150e-02 -1.543510951478628546e-01 1.398052243603623290e-01 -1.558391623527200301e-02 1.298867459489430609e-02 -4.595418670678598771e-01 1.947478398144730782e-01 -2.036666066594596813e-01 5.134305106185229617e-01 1.682904660173503153e-01 1.593018403333741617e-02 -3.191990403995017545e-01 -1.616516993977231698e-01 -5.672185390613982726e-03 -2.188457446025570685e-01 4.604099483888964839e-01 1.752514074091478802e-01 8.403771737174321743e-02 -5.226804397468286512e-01
1.641770354137847554e-01 -4.572052514893461539e-01 6.411754247288871111e-01 -8.272305340121648143e-02 -1.825486648456264294e-01 1.496840009413492045e-01 4.900370396137829210e-01 -3.336037249837426333e-01 -1.505749587478869833e-01 3.266253206774436535e-01 -1.251676685226665864e-01 7.545075034814328896e-02 -2.104606500454361817e-01 -7.638796749532119623e-01 -6.454911031666014237e-03 -1.448310465034581274e-01 -2.217027335120188292e-01 3.953823504515628917e-01 -2.558245669768208774e-01 -9.119191754435510000e-02
1.374417548299168568e-01 -1.893384888578745762e-01 5.433019421194748011e-01 1.812676234515249174e-01 -3.503326635377047582e-01 -2.798888983425481050e-02 3.358011062830042470e-01 -6.744247822937401438e-01 1.906089111575169637e-02 1.845717519554936903e-01 5.743216783159981187e-01 -2.032022473868825563e-01 -3.751834756471297827e-01 -1.408629122281138402e-01 -1.636902830917046636e-01 2.475617248237418633e-01 2.985369602967771069e-02 -6.793269462024584815e-01 2.230448152058071842e-01 -2.129122316495958567e-01
2.389305859269149901e-01 -3.445448955145752334e-01 1.996445782887191767e-01 -1.697417300299919052e-01 -1.151895923673088434e-01 -3.407059941067509118e-02 -1.963277163293944416e-01 1.471346040260319843e-01 -2.535807203006491539e-01 -6.597987995273151274e-01 -2.277218435229638391e-02 -2.033758693573397280e-01 2.196065159914311060e-01 3.747004215675044797e-02 9.730214495236071404e-01 3.355543432205624343e-01 -2.970705120460861437e-01 -3.181576894442076364e-01 -1.459574360803528592e-01 3.360954102930007736e-01
4.485556195150557368e-01 2.740112590071097642e-01 -2.558276399154573721e-01 -1.320723215626276315e-01 3.028121637655213916e-01 -2.453718378680915801e-01 -3.800485317272307428e-01 -2.570894971978702759e-01 1.130358368176361504e-02 4.693697802329764857e-01 -2.833385365791354915e-01 -1.309411558099042860e-01 -3.579981422033766125e-01 -1.163355143827211335e-01 -2.315388452176220802e-01 3.826307339301973642e-01 2.302197714535644535e-01 -1.678029606676142427e-01 -2.406871367329553035e-01 -5.507705452809896762e-02
2.328314625110522174e-01 2.652873615667910578e-01 1.049041415906110247e-01 -2.670228395102586250e-01 -4.049686941906185944e-01 -3.837095618088823268e-01 3.831894019792338457e-01 -1.799542262116236857e-01 1.699794488492760991e-01 -2.020685604622465548e-01 -4.643317353626912891e-01 -5.267060106981511503e-01 -4.957066404967672840e-02 1.093072261625389757e-01 -3.364103324993808486e-01 -8.697156365312008752e-02 -4.259621042898823484e-01 1.737636407148524520e-01 3.927463533178878752e-01 -2.009543444137303347e-01
-2.603738406666235572e-01 -1.158655992226108600e-01 4.405730561015123170e-01 -7.370452944285119101e-02 2.931725341861362577e-01 -2.579235829548535697e-01 -4.799997988486815609e-02 -1.371976249353285826e-01 -3.266341672199979396e-01 -7.495697669147159958e-01 8.123081679165050639e-02 1.734770323522699942e-01 -6.817255837252343686e-02 1.600335878295703618e-01 -3.366666805024254860e-01 5.099782786677414803e-01 4.472124845096828519e-03 1.734361183275546503e-01 2.130648743903133524e-01 -5.159139934505508895e-01
2.359205635611005270e-01 5.511419672284263889e-03 -2.482511182698748375e-01 -1.213647286985349572e-01 3.384486816362322625e-02 3.488413398690728973e-01 1.562950091470701602e-02 4.689990259172011622e-01 -2.976737664785806259e-01 -1.155445816212145177e-02 1.571165935568416550e-01 -2.404910746063272375e-01 -6.344595018751338078e-02 -3.281175884516430163e-01 3.575889090290148009e-01 -3.938782666012874412e-01 5.825459687735817793e-01 3.659805989096595602e-01 6.694093780367044166e-02 -4.196864851776352934e-01
-2.203259039873492475e-01 -2.334172392069867596e-01 3.869381586352077518e-01 1.932784280185925463e-01 -1.266292611548288649e-01 -7.415723665972046019e-01 4.632994895561480808e-01 1.023424145848503275e-02 -1.560149281108206831e-01 -7.834658435514683938e-02 2.809295407741931316e-01 -4.369112648866636806e-02 1.677429467168991273e-01 2.630955413892661632e-01 -2.329676943644530818e-01 1.568201370175014708e-01 -6.082327198487076370e-01 -5.449167258831980609e-01 3.232238310668812398e-01 3.482807429342615335e-01
