-3.231363295826537585e-01 -5.298808289516712122e-01 -3.230901552535033749e-01 5.373460552596873718e-01 2.243408417398266297e-01 -1.065739264118482632e-01 -1.884699557077134380e-01 -8.576547788836942632e-02 -3.884591888651825475e-01 8.143838930752535232e-02 1.873639378814732637e-01 5.310360797174829006e-02 -4.362540639959011091e-01 7.330018772183779507e-01 6.448296381193990845e-01 -3.638792464662493620e-02 -3.434074794390944985e-01 -5.096342999644207783e-01 -1.338320593478812826e-01 4.048104940024447318e-01
4.516456432335668181e-01 -3.947877772830400006e-02 -5.448363569500378478e-01 3.157769180321256530e-01 5.424396960134302281e-01 -4.467253676161690445e-01 1.213294630600228741e-01 -5.361944613701848938e-01 3.660397694901676435e-01 1.302445221170072664e-01 -1.341068476704262158e-01 -1.008810365611246262e-01 -8.354651825797361486e-02 2.047109463373565086e-01 -1.060241667856459125e-01 -1.701951661915608593e-01 -4.186064473367619998e-01 5.256096098779253767e-01 1.297776343604429283e-01 -4.238675857254576296e-01
-2.738382037232227617e-01 -1.418960490765426297e-01 -3.713611687418403307e-01 -2.588878134783512142e-01 -3.789237277203071352e-01 -4.266897372478651862e-01 -2.912057090241529922e-01 -2.200418484208387371e-01 -5.595679867967384702e-03 -1.184525402320730780e-01 -3.400174269822606732e-01 -4.483378511034386005e-02 -2.682921195810206161e-01 4.545402638884992186e-01 -1.969965392282172489e-01 1.001057610761417749e-01 3.101028830020573501e-01 -1.590423232652750096e-01 8.761090008889782510e-02 2.253506992850715651e-01
-4.284337316652470640e-01 -3.361288374315807986e-02 7.797848904758251931e-02 3.128096437035028377e-01 1.779828332155197479e-01 2.756901748430596877e-01 -4.795177936455778944e-01 1.313040611641398403e-01 -1.350641583336722740e-01 -1.632430788633341956e-01 2.270761832416829662e-01 3.620995900388906952e-01 -1.361884519709845309e-01 1.407902310192029049e-01 -6.469208360023465110e-01 -5.437531259987458260e-02 -3.037792325532888693e-01 4.918224011971623205e-02 3.019315396062963730e-01 2.399871375972102427e-01
4.710543470886263129e-01 2.238359469863108187e-01 2.612416101963414491e-02 -8.626989164897959361e-02 4.819504607120443374e-01 -4.016569027096760225e-01 -4.380023875958213853e-01 2.760611583483909559e-01 -3.771058469267675184e-01 -3.715274263515707109e-01 1.759648515695393656e-01 -6.559484579769130075e-02 6.643130784755606200e-02 -1.001549727533031509e-01 -2.609927276979094324e-01 2.221726111172384610e-01 1.483116814776997694e-01 -9.023171827772001607e-02 4.129986026128998344e-01 4.916816894908100366e-01
4.116404793657524319e-01 -1.025638076530420301e-01 3.047373827514687772e-01 -3.217972361902486367e-01 -3.424412947831763643e-01 -1.272608823386077725e-01 -5.021984210452714592e-01 -8.269079909994460353e-02 -2.885917008317224752e-01 -3.733310038695472066e-01 3.211263839484244653e-01 -4.053237111590379804e-01 -3.438903117538013587e-01 -4.523446855513794662e-01 -2.766620823619401759e-01 -2.987360791539306337e-01 7.424534914737332403e-02 3.989522830309756851e-01 3.756743644023570750e-01 -4.332590714111728691e-01
-2.079833812792586667e-01 8.160853337175805189e-02 2.796766795110470216e-01 3.668877612576660896e-01 1.104015304073185932e-01 -5.765035443015877892e-01 2.138818613333550167e-01 3.647596873666906214e-01 -3.206475961039111922e-01 -3.364742499943041421e-01 -1.495301535882080091e-01 -2.021826660569490397e-01 2.626861967521115782e-01 1.372583183672734519e-01 2.303262586001143253e-01 8.150859266427019911e-02 2.359266721043439541e-01 2.530584076859844767e-01 -5.352828774855472593e-01 -3.660382111940133076e-01
-1.816802997817303922e-01 1.821185299489020970e-01 6.834078510403023277e-01 -5.306476941726026020e-01 -1.689366651806218922e-01 -3.744951157158738497e-01 2.675037367224912185e-02 1.746078446501719006e-01 -4.669488538418614110e-01 -5.579956049232670523e-01 -1.584445220920352448e-01 -1.487090238266665920e-01 2.131333261331368467e-01 -1.333488993473348483e-01 5.730201995363094492e-01 1.910993585581832310e-03 -2.921747924726028067e-01 4.181684454437037401e-01 2.152376320228049089e-01 3.563624930573880967e-01
1.497676493202077797e-01 -5.688827194571903778e-01 5.826606377903347234e-01 -4.259060492622380178e-01 6.126147986359761211e-01 -1.914508450916821980e-01 -1.991466547892613015e-01 9.500321020240039271e-02 1.702173754504757441e-01 8.672609332247873670e-01 -9.267945672507763022e-02 -3.555603273439123524e-01 8.272201200174940372e-02 -1.538049363541431069e-01 2.596310325769243116e-02 8.376492023531816045e-02 1.485597163886578365e-01 -4.797196303965491349e-01 -4.120272770178968758e-01 2.122863478636151727e-02
-4.965167663601778858e-01 -1.074185259183028651e-01 5.130318179619500762e-01 -4.142461570378928870e-02 4.978508825885037403e-01 1.057475494314367020e-01 8.492571551731915580e-01 -1.160527344976774594e-01 3.144067761157203211e-01 3.725099639234557003e-01 7.429240721268887127e-02 2.216015910613905182e-01 8.269043182741454834e-02 -4.595692239815701852e-01 -3.706317998160596483e-01 -3.855505275710258140e-01 -9.936523563439159101e-01 2.597609415879484351e-02 -6.313632556338363289e-01 1.108902864344140336e-02
-1.306457304595843028e-01 9.113854147833222452e-03 8.215394482744955984e-02 4.322211796310766463e-01 -7.909702710264178427e-02 4.829232741544611240e-01 2.541018772200696052e-01 6.511817456122551140e-02 5.235526841152769034e-02 -6.451330786518011395e-01 -1.316995938636793262e-01 -2.147745310257330106e-02 -2.639452347640215413e-01 1.845998818337545311e-01 -2.118399412870485277e-01 -3.451984579549570165e-01 9.542103123217117455e-02 4.867446408382454792e-01 -3.606888441781533894e-01 -2.989062627281223739e-01
-5.429743487401909041e-01 7.626207733897585328e-01 3.046565446862025683e-01 3.017255656699907029e-01 -3.687119200764895632e-01 -2.256609589943559813e-01 8.935573551823208782e-02 3.370561239786515340e-02 -5.869827962972331559e-01 8.444768011180867062e-02 2.165655823849406691e-01 1.628012863259635234e-01 -3.659628362406901203e-02 1.431661782595833321e-01 -6.833809530053035208e-02 -1.064207976261554028e-01 3.273311084851076025e-01 -3.518977638112473216e-01 -4.457903385309109900e-01 6.449825406522047277e-01
