-3.117553890842926223e-01 1.205145922186221935e-01 1.256958324179764663e-01 -1.300987944871985769e-01 2.231046448485459188e-01 2.529173746570279047e-01 -8.704084253951001326e-02 2.168006544755701204e-01 3.379577798186839122e-01 -5.257711713585382363e-01 3.099457999921402807e-01 4.397521432172745159e-01 3.143299791760501005e-01 -1.879039756149311069e-01 -4.552493219660568857e-01 -3.614223013284723618e-01 -6.815631908364675473e-01 -2.384424969225068872e-02 -5.737811450862499996e-01 1.823960030282406330e-01
-1.567328238628517001e-01 1.135084358672988104e-02 4.606577201137017630e-01 9.543699625552418131e-02 3.710034847315184930e-02 1.309078311511303327e-01 -8.502137079071657444e-02 4.437579097504117942e-01 -7.015308142864626895e-01 1.293007773841522434e-01 -2.690564791872279149e-01 6.623169122898568684e-02 -3.095309863380554249e-01 2.392220448584804759e-01 5.096245916084956029e-01 -1.473854469402219591e-01 -7.682865423363393065e-01 1.248246815571838614e-01 5.954509548381755613e-01 1.952163788657786392e-01
3.463161910793980391e-01 -2.736799033082633059e-01 -3.265528882354593598e-01 3.381502288845463777e-01 -2.557883602112944188e-01 1.900851888558291458e-01 -3.476926753954460297e-02 -1.178737258933796328e-01 3.489373385931126004e-01 -2.053650625105420957e-01 4.327487623720528004e-02 -5.127069578305892827e-01 3.621490534455967247e-01 -4.178215044671864109e-01 7.622307697564219275e-02 -3.405123724122012807e-01 -3.630067767134757539e-01 1.027733382548064178e-01 2.752664861750215852e-01 6.596183545644518365e-02
2.275952033865809299e-01 -3.772359919705163822e-01 -1.550511999311009539e-02 -4.805753750040471228e-01 -4.609144883575345131e-01 1.677343738275213214e-01 4.563682621477054280e-01 4.767115603639206223e-02 -2.668253140835694093e-01 -2.178390727013528039e-02 -1.016419551915462433e-01 4.266943441430902650e-01 -4.421902421978275433e-01 -3.564221811678026097e-01 -2.724373170405264832e-01 -2.584395659506190102e-01 -1.753703037314571223e-01 -3.049725738509299067e-01 4.794503933877823365e-01 3.828375046380169677e-01
7.463559920083133459e-02 -1.643038751010167664e-01 -5.477559091838878763e-02 2.234574667409598703e-01 2.239714309303732498e-01 4.786446719801943361e-01 -6.760061738443637891e-01 1.497893199482714932e-01 -2.034903649367991174e-01 4.613926418420317699e-01 5.001092175688964803e-01 -1.998709024261392242e-01 -1.331976051654122084e-01 2.111224508863908111e-01 1.033628801932948409e-03 -2.344610512766235888e-01 1.513561770436332998e-01 -1.258422101233643842e-01 -2.929813486729251903e-01 3.289666106989573846e-01
-4.829458317846713200e-01 -2.407913717568515299e-01 -4.348702839995434721e-01 -5.174248532564453829e-01 1.536340502630101634e-01 -9.065036525583327134e-03 3.047633945036402059e-01 -1.212840875747023123e-01 -2.785271577086934625e-01 -1.763369487874638653e-01 3.040980387757633574e-01 4.339600691828024437e-01 1.779327614634403643e-01 1.710214168953987368e-01 -9.043536442481142634e-02 4.003555698424604015e-01 -7.329099644265707481e-01 1.610312035645113660e-01 -2.645455645436745051e-01 2.967263360428957775e-01
-8.881804624107456081e-02 5.878537079394137443e-02 -5.787379063192440443e-01 4.651277519500316426e-01 -4.476373385105004710e-01 5.205488091800489769e-01 -1.253752337546307771e-01 -8.303139398950110106e-02 2.101027976099611172e-01 -3.895203523189390005e-01 1.811056204222600274e-01 -2.494218269628173668e-01 1.453837242444680489e-01 1.965084728007987225e-01 -2.773360532299389836e-01 -5.575075045196652146e-02 3.287823203033785613e-01 -4.180433427196264540e-02 -2.374605407353006237e-01 -1.182390535771131179e-01
3.266365865992660877e-01 -1.336502223441251580e-01 -3.290642653525351902e-01 1.222273204537299013e-01 -2.098194729612043452e-01 1.060270787833664519e-01 -5.447689983056537288e-01 -9.412311765878157710e-02 -3.599929830602864866e-01 -4.585026438453213005e-01 3.904575289928843285e-01 1.955541065021809133e-01 -6.109095718994149715e-01 -1.237923192228606167e-01 1.120348164007914371e-01 6.862778917986267491e-01 5.563196181390696049e-01 -1.665991286013646377e-01 -4.534267174234545839e-01 9.309737529757768915e-01
-3.845321955094929689e-02 -2.350839961687024582e-01 -3.343109921454368583e-01 5.804930123152173271e-01 3.243168258814331795e-01 2.227642569128746308e-01 -5.665363502947814295e-02 2.514811266231534170e-01 -1.957217282042495732e-01 -6.454067286562101269e-02 4.374055813232632373e-01 -3.920810853238390070e-01 2.918769668403084494e-01 1.765509126156800390e-01 2.551757186893664486e-01 -2.974231433274222569e-01 -2.779251864492815471e-01 -2.216719115917914831e-02 -7.879986802703828896e-01 1.913972828062003237e-02
-1.665925885079753144e-01 -7.190427285552480896e-02 -2.970744932909151759e-01 5.219378374733973924e-02 8.983454689130976334e-03 4.606126285539153820e-01 -4.786700566839584559e-01 -4.781545873328677532e-01 2.744152412036218180e-01 1.669837335829025271e-01 -3.853603486066035089e-01 2.334789370781634732e-01 -2.012972350984091330e-01 1.437778865600829459e-01 6.711562781356039675e-02 -2.941677025429659809e-01 -4.477243430174271399e-01 -3.457969231936175447e-01 -4.153714150475931177e-01 -2.150081450833702945e-01
2.830925016502630620e-01 -2.756357282497848837e-01 1.308672136814296172e-01 -5.909138432544739361e-01 -3.871061653642508121e-02 3.621182614288856461e-01 6.010525226889954810e-03 -8.706013284610242264e-02 -2.624436104130824926e-02 4.649331999968231988e-01 1.120843405940723098e-01 -2.940684514573974062e-01 -3.808477053784126154e-02 -2.383055780793822964e-01 -6.221755494784897422e-01 -1.068159451601915499e-01 3.404591433752519603e-01 -6.037593069558454262e-02 2.730810189552925205e-01 -6.410986561336281531e-01
-3.369551208835082634e-01 2.264693223699992264e-01 2.673536253105047167e-01 2.426666088951454081e-01 -4.334505607240843883e-01 2.562433507630039742e-01 6.454935597430987160e-02 2.276494338202280157e-02 -3.249158981722963802e-01 -4.054108767364685839e-01 -2.620610096821947566e-01 -4.586874999728676183e-01 -3.477569151987303098e-01 -4.331612232818288777e-01 1.715100699466044487e-01 1.192284399060032085e-01 2.999894898546184852e-01 1.990150082589781932e-01 -5.059222348945161540e-01 -6.042684478648741725e-02
