-8.680426450536014860e-02 3.460634421631819668e-01 -3.252375479880567632e-02 1.742956446061051656e-01 -3.504930568106709998e-01 -2.109274385764557114e-01 1.257374603305924377e-01 -6.448902400364447951e-01 7.885895600840064912e-02 -2.761738984013321074e-01 6.926181802556625978e-04 -1.787096638544346250e-01 4.864830100825302539e-01 1.173090136481310247e-01 3.366542833226367493e-01 -2.632676073974192232e-01 -5.793849368403165556e-01 -1.396690329072001469e-01 4.354233929502947520e-01 4.093770591500655587e-01
3.215405330164031183e-02 -4.028679437433707600e-02 4.141707175515542683e-01 -5.365676608233659328e-01 -1.182998377537335631e-02 -1.143219446658129829e-01 -2.952241630651809487e-02 2.455048432820446935e-01 -1.861822815638970730e-01 -8.317519505675666780e-01 5.117801251964904097e-02 -5.572778853851311220e-01 -1.352366911366983115e-01 4.630409666069544572e-02 3.616052590245129594e-01 4.532861613121486055e-01 1.655381295578184919e-01 1.642214110906795033e-01 3.882242009139025285e-02 2.752391543257447504e-01
-1.229942849029461438e-01 -2.038741692660552274e-01 4.178805808602108485e-01 2.340735696541957345e-01 -3.488036049374028669e-01 -4.747083088399717266e-01 -2.109724256959126798e-01 1.666153920795861720e-01 -1.742533877678221210e-01 2.719750085016783281e-01 -2.931195224816319778e-01 -9.070033964303995944e-02 8.647838191237933181e-02 -4.056731408444271825e-01 -1.935300626210041675e-01 -1.546322523874784360e-01 -2.193862747895392040e-01 5.804619520794394166e-02 -2.537479285361866621e-01 2.450375348255398877e-01
-3.336968262370201277e-01 -4.167199502780317699e-01 -3.373613273246733324e-01 -4.744036094186768748e-01 1.096958776892819204e-01 3.115118000978024937e-01 1.770078090053877062e-01 2.614085579695708539e-01 2.973722218256497074e-01 -2.102451773560878034e-01 -1.568655960591760767e-01 -3.575940495963184779e-02 2.932941954352090153e-01 9.761594728568760704e-02 -3.932420115326861754e-01 -1.829144516133212883e-01 2.752106449740426841e-01 2.128729277874640835e-01 3.701491538249059299e-01 7.538075431109798885e-02
2.327269977468133799e-01 -1.257219759048965602e-01 1.117863743807980537e-01 1.061764848486083518e-01 -4.833838339829598096e-01 2.251009062078275780e-01 1.232235297908978733e-01 3.358671745643925233e-01 -4.274797370536801422e-01 -1.953955653756014599e-01 -4.382911795635981989e-01 4.885719194888907824e-01 7.932764044124759328e-01 3.396411713435934510e-02 1.494313571739675495e-01 -5.899624283312565609e-01 1.796344979512276008e-01 -8.640818039034385833e-01 -1.584322444043956540e-03 -5.019679749006904501e-01
-2.007315264894216911e-01 2.731657686445892498e-03 -1.799515654087570915e-01 5.996661318526986806e-01 9.597454015800255256e-02 1.112111194720111912e-01 6.378808232460005945e-01 1.906300844343900014e-02 4.475430092057841036e-01 -4.820776235035737489e-01 -3.100159435759831661e-01 -3.859625953750394078e-01 2.217093730454181011e-01 1.611049309812213892e-01 2.375161252981390081e-01 -5.193664973029703535e-01 -2.319890258814235051e-01 1.124763922655299675e-01 -1.000465995505730316e-01 -3.578256165374737452e-01
2.477725437001578879e-01 -2.658576894382767564e-01 -6.221958902332269670e-01 2.087351990579147942e-01 2.404585393101620894e-01 -4.688482847688277833e-01 1.996127157581955441e-02 3.606910930338414617e-02 -4.795685705275045674e-01 -2.749727080962680037e-01 4.012166914235490989e-01 5.414562910828627645e-02 -2.332516015479487725e-01 3.580036328809702573e-01 3.825997768793391041e-01 -2.547220107684119439e-01 1.155380612439416838e-02 -2.001250422025443454e-01 -9.854542775230004659e-02 6.596394653085266846e-01
-5.062219596747256078e-01 -4.830126746494504131e-01 -4.168069721148199847e-01 -3.766227417740887207e-01 4.902681839891741972e-02 3.805699101563331244e-01 2.850084667199672683e-01 -3.033205316683617592e-01 2.915637588366417621e-01 -5.104835877470329519e-01 -1.288562010276808334e-01 2.417396983231491839e-02 -5.460283744494250080e-02 2.674450812480310136e-01 -2.836823020220748948e-01 -3.784631030209674729e-01 2.087153005843082609e-01 -4.096748695915005539e-02 -4.924614158938037112e-01 9.280111333613140501e-02
-5.029510708433952704e-02 6.361252766738408893e-01 -4.063276232670876009e-02 1.763334875028743365e-01 -1.853480569041832116e-01 -2.649321817565304937e-01 -5.629802759568552223e-02 -2.024840565069875031e-01 1.073559715477619692e-01 2.771351055440624545e-01 3.703965542432781366e-02 -5.327429327905568862e-03 3.825575559639479706e-01 3.762323974836472851e-01 1.277032427223523947e-01 -3.798863683026983407e-01 5.283909147036022214e-01 -4.832108737563711731e-01 -2.412346371151928848e-01 -3.157394544325989871e-01
-7.690246718187182529e-02 1.344531446509804329e-01 -1.244200699450632858e-01 3.008876107003132239e-01 2.824113537922749440e-01 -3.759682997436092355e-01 -1.367640010635432779e-01 4.702840867311772199e-01 3.441158241974944243e-01 -4.416702685790995786e-01 4.086778776192129259e-01 -4.865918117779073904e-01 1.153590585274681529e-01 -4.622307138316386066e-01 -3.611530393167438624e-01 -4.432648083078499224e-01 1.198270526812945797e-01 9.779728815558899613e-03 3.904559315870710819e-03 -4.861358638492787598e-01
-5.822890732821717208e-02 2.675980358842770523e-01 -2.685475238964150080e-01 -7.354647941808442058e-01 -2.823224515237299781e-01 -5.970770355108652172e-01 2.305977322898905835e-01 2.362185131388881698e-01 -2.776103987260102879e-01 2.237539840431517213e-01 3.661781845845674122e-01 2.960000621032670698e-01 4.824188079076848212e-01 1.329534248943174957e-01 -2.052770150294434270e-01 3.296413421863800264e-01 1.706650484943499947e-03 2.855288437648732455e-02 1.103363194743316456e-01 -2.274726887351712634e-01
3.020889711689715984e-01 3.151745835307853683e-01 -4.140022383481464785e-01 8.775777748102073228e-02 -4.205970055602403779e-01 -4.987433478821542282e-02 -2.308967464089305976e-01 -2.722969507728608685e-01 -2.318214409716554125e-01 -5.072469015406332327e-01 4.716659681113286040e-02 -5.324487231247810870e-01 8.562107867671656103e-03 3.362596357978393513e-01 -3.793732402512693391e-01 3.659966335311527486e-01 3.426518666903662358e-01 2.305878661955034770e-01 -4.081571670961830489e-01 1.928188154528951148e-01
