4.311951625354626949e-01 3.234103541561851869e-01 2.326957181960278287e-01 -3.187288769170325553e-01 -2.280851678444801023e-01 -3.420696024862447948e-01 1.847522337619185995e-01 -4.968476321214823632e-01 -2.667879605670209764e-01 -4.705241181155300767e-01 -4.562285013274515466e-02 -2.529635322426361799e-01 -2.542296707726944896e-02 -4.706810292656822270e-01 1.963476349175026225e-01 3.978354672447619728e-02 2.126292401592697057e-01 -2.484700635049950646e-01 2.957471317186882720e-01 -7.732339381479480522e-02
3.799951150087291785e-01 2.968684555475975539e-01 -1.594619647596451084e-01 1.361310525499737382e-03 -3.514972677388199518e-01 2.459268942744199105e-01 4.022140617057322620e-01 -4.370793455638299907e-01 -4.890990645042931351e-01 9.477155944282442124e-02 2.520799753493346840e-01 -4.121919808818331754e-01 1.146900185913794779e-01 -3.905154037890958829e-01 9.012754376925527500e-02 -1.933672273086715354e-01 1.446436323470945418e-01 -4.446686132480566211e-01 3.600885411379982082e-01 -3.569452229601234317e-01
4.155026385102702502e-01 2.464863804651052925e-01 1.824284979545115482e-01 3.429713281907204037e-01 -3.108353689676207621e-01 -2.478558246929118969e-01 1.328668971994682035e-01 -2.752134530304273241e-02 -1.750700520543990724e-02 -3.631089027108206357e-01 -2.755315386056768068e-01 -4.029009451415846987e-01 2.154170244575981386e-03 -2.351904902566670508e-02 -7.105765085383008994e-02 -3.643257899947022205e-01 -3.481207105984325256e-01 -3.884634112632684433e-01 -3.953277480575521086e-01 -2.625128319642047181e-01
-2.164254871102663236e-01 -3.316446443114492437e-01 -3.052886233526734827e-01 4.296331760962659452e-01 -4.495459608600541612e-01 9.039061027829109474e-02 1.936617169960164198e-01 -2.349856634140202738e-01 4.847839262238433644e-01 -4.231757151903889902e-01 -2.290201971096212930e-01 4.407879244843438959e-01 -2.884591714496133052e-01 9.784514387745824049e-02 -4.088965162331428260e-01 -1.535292340700862290e-01 -4.922901675267007393e-01 -3.102799215614218120e-01 -2.383229079253136318e-01 7.946051780767104944e-02
-3.336159763459611294e-01 -4.214907313147764345e-01 2.882598840078409719e-01 7.365004479257609704e-01 1.080056305204463718e-01 -3.591859266925236105e-02 6.923990931585420616e-02 2.847727339831068738e-01 -6.434108602817129041e-02 1.840170491793802765e-01 -5.109132499427638807e-01 2.668672122693771520e-01 4.501155758752582448e-01 1.871204652680709957e-01 1.365944601306131601e-01 -3.361221944041548060e-01 -1.197234246980650063e+00 2.282601941259930663e-03 -1.274303526719553770e-01 3.344693726090713359e-01
2.148635769145302576e-01 -1.476584486294106047e-01 2.523903121218611934e-01 -2.184517868092712423e-01 -1.718861447547912480e-01 -6.699474823762766595e-01 -5.927776057366954676e-01 3.934448639157490102e-01 2.384966343967466207e-01 -9.634033374578695463e-01 4.325464632583211899e-01 -2.873920626794213562e-01 1.711154973570517268e-01 1.474308998102891732e-01 -1.383089478267562900e-01 1.534908141603787413e-01 6.349946872398606335e-01 4.266541535429081711e-02 3.470696222349785032e-01 7.092409609769634304e-01
-1.782781068724828832e-01 1.695744181034841980e-01 -1.395760374278010862e-01 -1.545255662655342643e-01 7.114249835034093528e-02 -2.580881735002082955e-01 -2.585957569794557487e-01 2.788968685942531667e-01 4.780857789920563428e-01 3.314685282707857672e-01 -1.435937510731412070e+00 -5.582783301242729562e-02 4.736000410845921937e-01 6.022873322353612391e-01 -6.094767447962351481e-01 2.250460893929474571e-01 -8.127461916187875279e-02 3.422854354861992188e-01 -4.009333035801413980e-01 6.635537361027028513e-01
2.630174620067037838e-01 -1.216082270082674416e-01 -2.358603458374838174e-02 -1.246713450880530399e-01 1.787166574729954771e-01 7.455276606386583849e-01 5.661411607073809638e-01 4.302808663031529868e-01 -3.568750636920465236e-01 -4.936050995883689008e-01 -1.514267245647882287e-01 -2.542032928752255283e-01 -5.532989717314794609e-01 -1.266232054183422384e-01 -1.622501923950244451e-01 4.412511531230373096e-02 -1.812384980403609902e-01 8.197492989492097260e-02 6.726881794162065109e-02 -4.096933920256128348e-01
2.543470796353512475e-01 -2.520748185463004831e-01 9.808042161818217308e-02 -3.199566914428342290e-02 3.490084826683800268e-01 2.813895655289875286e-01 -4.897945365824281638e-01 -3.047904962124444728e-01 -1.023052151837538226e-01 -2.620475319556668792e-01 4.550740295523642565e-01 -1.346166534290441641e-01 -1.640591320234752182e-01 1.401912067033802244e-02 -4.046026595625900613e-01 -3.134211165976868996e-01 -1.695122739330016948e-02 -1.584182351494470009e-01 -3.344143191865616566e-02 1.724101906573615450e-01
-2.037485457865950145e-01 -1.164751961701350202e-01 -1.860225288355911444e-01 2.652402366191452046e-02 1.789997091317106215e-01 -4.239917108824175496e-01 -3.379794348623357259e-01 1.482023094147609521e-01 1.451167897030964660e-01 5.665559746953368475e-02 3.586260882866430522e-01 -3.052929089332173107e-01 -8.978327397312892144e-02 -4.499228432931576815e-01 3.673791506961813780e-01 1.590577454644018784e-01 -3.143933237937504566e-02 -6.997956884695470670e-02 -4.467631212938157903e-01 1.518894737280320276e-02
7.964524093279806705e-02 -4.112184020328740752e-01 4.667404713904857450e-01 6.819054959443963115e-01 1.173322281898597497e-01 -1.400628170017481078e-01 -9.627782288969272129e-01 -3.155231693197798060e-01 1.345022060912089423e-01 -1.148849481519487459e-01 7.282816741234938718e-01 -1.382989312578907781e-01 1.827234083192151234e-02 -4.511957906427787462e-02 3.290340917246731833e-01 -6.138774671838058694e-01 8.479467174125627782e-01 -5.715102328997423431e-01 2.813602349898317589e-01 -3.203358283221970360e-01
-1.004195178657394244e-01 2.616175781829072067e-01 2.147988256513465588e-01 4.626026859461666030e-01 2.861170531978130538e-01 4.915466946352942679e-01 -3.967216403897267929e-01 -3.216543217273742927e-01 2.347694810792529396e-01 -6.444008917086102572e-01 -3.813684192941217965e-01 -9.419414227769862258e-02 -2.909289622378721241e-01 1.129783494668861327e-01 -3.193883111693120169e-02 -2.279406480703364546e-01 1.401837107615308033e-02 1.930743797548393204e-01 -5.553458594223726896e-01 4.595790622986459795e-01
