-6.684594132714186676e-01 -9.303465878272862977e-01 -1.816243667490951674e+00 -3.209593927060988006e-01 7.357719040588475701e-02 -5.166804780716139911e-01 -1.599320922795718758e+01 -1.528259564244166258e-01 -1.137995793943635370e+00 -9.409839733157430164e-01
-5.699858575286966822e-01 -8.004081432281673347e-01 -1.520873875219918681e+00 -2.618460353517638173e-01 1.463084168216152448e-01 -4.363386071805898103e-01 -4.807014988020639379e+01 -1.233328184434291097e-01 -9.436289315454671200e-01 -7.823766496419028993e-01
-3.346906791422981087e-01 -4.764340795557945873e-01 -8.773439986224783604e-01 -1.425597317354399818e-01 1.775262131562268253e-01 -2.498616414464693847e-01 -9.488706375829801232e+01 -6.540681786293200961e-02 -5.380920808062581440e-01 -4.438750057852451913e-01
-7.618859673857143466e-01 -1.065478947924157538e+00 -2.048525946264494468e+00 -3.503054693294250233e-01 1.321538705422421467e-01 -5.834331052151937591e-01 -1.987723769434254706e+01 -1.645679574159562564e-01 -1.274114113978487062e+00 -1.051106393271173056e+00
-7.235491811890838454e-01 -1.006473354679929377e+00 -1.998821828266179157e+00 -3.516161009570639151e-01 1.480889822355757335e-01 -5.586316723982058807e-01 -2.049271420284186007e+01 -1.667616644475585219e-01 -1.250222079266693598e+00 -1.034534869056043860e+00
-9.891204218927825975e-01 -1.372988759014642124e+00 -2.718782851920102939e+00 -4.836246746372558358e-01 1.044558975042578497e-01 -7.671702391947610167e-01 5.537494800019229757e+01 -2.303265330056196436e-01 -1.703537484269818769e+00 -1.409150949206913861e+00
-1.973956679294524230e+00 -2.739661025697150531e+00 -5.458921420054537954e+00 -9.602263399379038500e-01 -6.107823545725164782e-02 -1.533467288378510984e+00 2.450837333756634848e+02 -4.550031562229746029e-01 -3.436746458656278591e+00 -2.833464093099304026e+00
-1.235774489530615305e+00 -1.720350285353498654e+00 -3.379731947698802585e+00 -5.897273721039439920e-01 8.091597995322040437e-02 -9.570600376525298936e-01 1.076504100933785537e+02 -2.780964375815245249e-01 -2.118058593853064053e+00 -1.747677034407416174e+00
2.277258356545033141e-02 2.002657546442206810e-02 7.233440724900069840e-02 1.288526614715492652e-02 2.382319286846124595e-01 2.646783410084962290e-02 -1.327005812875635513e+02 6.675947725857224804e-03 5.198593006087155743e-02 4.123734311703954047e-02
8.432157028487242689e-01 1.147942647937656213e+00 2.295504160888096390e+00 4.154552362829033174e-01 3.358446627440490051e-01 6.739621994680110584e-01 -2.877764507333942561e+02 1.997004593938113970e-01 1.453300319549115427e+00 1.204085612840037234e+00
-5.786437939417894416e-01 -8.160242159221300362e-01 -1.651142225564421917e+00 -2.729053420649085737e-01 1.145695871370237817e-01 -4.385846499413008082e-01 -1.955071569146197774e+01 -1.256485685061579649e-01 -1.033448701321273644e+00 -8.428405606543056816e-01
-8.879092787009004173e-01 -1.243716867138263238e+00 -2.541688311220083207e+00 -4.347769838298301548e-01 9.062706731102208868e-02 -6.812349008753409985e-01 8.329505550482272724e+01 -2.020133139922650756e-01 -1.596234699740964214e+00 -1.315278888021833348e+00
-7.620025978518398801e-01 -1.064671059271615317e+00 -2.143469072407224285e+00 -3.749069248707188051e-01 8.621604425186278620e-02 -5.856796561151583758e-01 3.132665495400914324e+01 -1.762274926952734078e-01 -1.349387596588097482e+00 -1.114673577357345291e+00
-5.012695825092317037e-01 -7.033127650204533676e-01 -1.410557627011800985e+00 -2.440236738125491633e-01 1.286827707414564259e-01 -3.824027089167186810e-01 -1.785742048628003076e+01 -1.139283873798376812e-01 -8.853565747916289919e-01 -7.307014238503188874e-01
-1.181513947863383374e+00 -1.644247783424187759e+00 -3.242096245886589845e+00 -5.614962517953039356e-01 5.975020986003540258e-02 -9.126382478654100350e-01 9.116516405082083452e+01 -2.633186876584628355e-01 -2.033194301285492944e+00 -1.679695616115205459e+00
-3.990933391300741095e-01 -5.555362804704814250e-01 -1.064776981475154649e+00 -1.869986549323457703e-01 1.621281794533139531e-01 -3.067210709697402726e-01 -5.174942297142489167e+01 -8.784576590371959148e-02 -6.618072483870451883e-01 -5.505831092280545347e-01
5.077259788022790987e-01 6.884532522383406405e-01 1.409589805807367924e+00 2.586681298681174357e-01 2.987956432229592618e-01 4.100981627927548501e-01 -2.265603833535753608e+02 1.258737245198018606e-01 9.042733311383899242e-01 7.410392263153493531e-01
-7.167079935219461406e-01 -1.005011250660670319e+00 -2.010310686594114493e+00 -3.412028441702775750e-01 1.329086344020563304e-01 -5.461411161112781354e-01 -2.715991522942151626e-02 -1.584094947602879000e-01 -1.252572954066957678e+00 -1.036749407965336989e+00
-1.165504671764267863e+00 -1.618665000744507587e+00 -3.261737175367029451e+00 -5.767280701518194830e-01 5.679097276159181945e-02 -9.024033573623985172e-01 1.270178728360828586e+02 -2.728113138772498281e-01 -2.048107096656262893e+00 -1.699384476409346867e+00
-1.257745052973758604e+00 -1.733186683428569408e+00 -3.426314970157502859e+00 -6.121801484765881929e-01 3.143481975649906729e-04 -9.853992860236059359e-01 1.331443496867356089e+02 -2.924019159034657589e-01 -2.150475223948657089e+00 -1.782674921148740932e+00
