4.298162551666678821e-03 4.312621245964931571e-03
8.465401525268140780e-05 8.194921376818151203e-05
-1.089707539313325424e-02 -1.090333534191342824e-02
9.727025307554112987e-02 9.732148185099886994e-02
4.931714710103804467e-02 4.932331000751841166e-02
-5.642254177607194943e-02 -5.651707930872709729e-02
-6.263495963656523502e-03 -6.258268256316423805e-03
-2.135540888147685612e-02 -2.133671578851129014e-02
-5.536937093621518979e-03 -5.543546644033309212e-03
4.500904266378416563e-02 4.502067648122601295e-02
