2.890684796510674046e-02 -1.006510683080636022e-02 -4.474840858609956951e-01 4.418590281081192367e-02 1.709154068191150455e-01 3.030088647391500634e-01 4.504263186214209624e-01 3.257204043530553261e-01 -1.227545545319544962e-01 2.100423809862209112e-01 -2.343571749370270685e-01 -3.896165607484670668e-01 -3.398729356888197106e-01 -3.068509417578769716e-01 -1.396765640045970480e-01 1.608141412782010671e-01 -1.538152125894843014e-01 1.950456532405687449e-01 2.436344421324637688e-02 -2.452304496363520714e-01
2.359089089926049987e-01 1.986337334644824870e-01 -3.824536281613442612e-01 -1.164542641643467602e-01 2.113153096099142370e-01 -4.424151593280610251e-01 -2.252058921063733177e-01 2.469056915599456559e-01 4.586775702770688468e-01 5.686521495077763444e-02 1.719452273289197863e-01 -5.081054884040818731e-01 1.266481886587133843e-01 -4.105702620859975616e-01 -3.503629006908354215e-01 -1.218411873819826574e-01 3.170750435663415856e-01 4.070358130281071657e-02 -2.654513467916848612e-01 3.069372094203864920e-01
3.940190956647647846e-01 -3.421340347882397825e-01 -3.010026244059979539e-01 2.709984369948381100e-01 3.022306717773256754e-02 -1.113178116754461183e-01 2.814966098170338382e-01 -2.431812138137002810e-01 3.381145206682186766e-01 -2.029302196864488372e-01 -1.860660620246442909e-01 -3.411511624517630792e-01 3.113779661596344228e-01 -8.191105892535292810e-02 -1.967276791674051617e-01 3.879763843113473998e-01 -2.989702578241560382e-01 1.547061145183048769e-01 -2.162308618623195178e-01 -2.324233220893039686e-01
-3.287340870584686825e-01 -2.498660966241346981e-01 -1.558378957898707839e-01 -2.744600676882224533e-01 -4.250687872734800754e-01 -2.155283361937826159e-01 2.807823530712760252e-01 -2.855378979670083472e-01 6.482801492966498713e-02 1.535243961657549970e-02 -7.463239366221305349e-02 2.045970503224092130e-01 3.352682937755086523e-01 2.184847982837648528e-01 9.374118674781335703e-02 1.500132455977042645e-01 -2.291141046982583807e-01 -2.460468499242420282e-01 1.704167108196260683e-03 7.330047477734819017e-02
3.045492088456284718e-01 -5.388487385850012634e-01 3.385734478703171235e-01 7.483065094051019606e-02 -4.888306546293894744e-02 1.859450658780634480e-01 3.876829008556169076e-01 9.130316084346122574e-02 -3.771427485624166687e-02 3.049203542996071215e-01 6.039628396873480271e-02 -1.368314896852818596e-01 -3.361534344493102289e-01 -4.829266198588896830e-02 2.776440298269864937e-01 4.432558870514944349e-01 1.442905800798887916e-01 -7.677249659133755788e-01 -6.908867686465264280e-01 3.437093011377039264e-01
3.657446293901432388e-01 -5.036148262730796299e-01 -4.540905135102424883e-01 3.160654122588982817e-01 3.527719541270518677e-02 -3.394175377395216575e-01 1.888932498691149320e-01 -2.706041335701078743e-01 -9.391106627648794503e-02 -1.883480213047803165e-01 -4.014033158686558522e-01 1.696363071148257462e-01 -1.469203828993630168e-01 -2.391260335626147204e-01 4.438365990713806220e-01 -7.451887529248506226e-02 1.248701007876079488e-01 -2.068935275110732053e-01 3.917398965032037883e-01 -4.847468643489392104e-01
-2.942470857655795080e-01 -2.574744868414334809e-01 6.302457502925207233e-01 5.843492764560273001e-01 2.124714599922126190e-01 3.461415479403164297e-01 2.944692485088463707e-01 -2.003808308324563081e-01 3.167552327544827934e-02 2.128898422540456969e-01 8.919345097589669036e-02 -3.679114229252265500e-01 -2.925039155524363221e-01 -2.295089767860159502e-01 6.200913552330583611e-01 -1.169193158906139257e-01 -1.054238358562256117e+00 -9.782732122006200515e-02 -2.491460622649769863e-01 1.685883549047268726e-01
-1.623985022170489068e-02 -3.647683951139871761e-01 -4.375523798852188340e-01 2.657838097177174161e-02 4.273001158992037474e-01 4.348104559080235437e-02 1.579960788393695303e-01 -3.315490128068765419e-01 3.862686096276137238e-01 -4.532041515893390216e-01 3.469158042514327578e-01 -1.503676152958076384e-01 -2.416182567694885874e-01 -1.260770670235399904e-01 -3.216988013730991414e-01 -3.458784445942776897e-01 2.633828879607014728e-01 -2.666649666468091651e-01 3.518570515003152654e-01 -1.589587918615338255e-02
4.027301540310204708e-02 3.323391300086648847e-01 3.551767128418736319e-01 -2.967684232593600924e-01 -4.723238236104895238e-01 3.024643463194597315e-01 -2.148017041511699754e-01 -1.277223452830321959e-01 3.792804149404663261e-01 -1.974277772483820081e-01 -5.154334434348326055e-02 4.703738212946613484e-02 -2.219389187682701270e-01 2.573073242252303661e-02 9.819665482302038229e-02 -3.945651982723823448e-01 2.148354394203615403e-01 -4.299268869391264514e-01 4.940460543768980528e-02 2.961192218827675693e-01
-5.768183403894497352e-02 -6.416651259148359321e-02 3.520324696789723373e-01 -1.753415273631082072e-01 -5.232165761795575243e-01 -4.263910226885085919e-01 6.376291901439405663e-02 -4.499044806700526755e-01 -4.578161169971790845e-02 -1.670394584756914880e-01 2.341169266805703530e-01 3.305719839572416469e-02 -3.030727497778660240e-01 -4.466439641673350391e-01 3.816380154346397241e-02 4.392682012931140023e-01 3.812459508533466157e-01 4.006531382856529100e-01 -4.470155049557109628e-01 -1.507288458502827055e-01
-1.579525263185259931e-01 9.402975640644502253e-02 -1.575949919726253312e-01 4.020384199382193713e-01 -1.333966207535509582e-02 2.543682726701394503e-01 2.772035271826763236e-01 -3.802558019341912288e-01 1.639984314466104431e-02 -1.771823830117746357e-01 -2.346968830535123007e-01 -1.003420169486638758e-01 -4.538678846369509357e-01 -1.104660553603615120e-01 -1.171349212878103514e-02 3.026300753966246759e-01 -4.427376577755772757e-01 -4.489287680724782792e-01 -4.951315107376786928e-01 3.565935863564440034e-01
5.559201255814178594e-02 9.854672771813744944e-03 -3.755121011257263053e-01 -5.517047084383861488e-01 -4.130895600058229200e-01 2.823438402645970235e-01 -4.171959769607482271e-01 -4.210981372613400442e-01 2.302332957073190411e-01 2.524796411637764137e-01 -1.657810666848644476e-01 -2.525826308470117687e-01 2.769090972697916819e-01 -1.023961577317704374e-01 3.715562089649721705e-02 -4.542415972039026695e-01 -7.735164439151891169e-02 2.453010541035630099e-01 1.722560286306751010e-01 4.004120914998077763e-01
