-2.341835662889401315e-01 -3.728408741558500994e-01 1.836764289769170569e-02 -5.041821905760621725e-01 2.924186365076317240e-01 2.924707344594386083e-01 -1.564445532351572618e-02 3.482509316145730449e-01 4.094197704630316292e-01 -1.295519094685902706e-01 1.574139569676644423e-01 -4.416473348594381343e-01 -3.708005959721794587e-01 -1.322646874577975418e-01 -1.734428784432133150e-02 -4.600166590964027136e-01 -2.638553428685368185e-02 -4.791294955720487025e-01 -3.531217005776429163e-01 4.450634159699989878e-01
8.014780573387214613e-02 -1.825640167398873137e-01 -1.042934094519054611e-03 2.210211042157730343e-01 -1.440389980813432391e-01 2.775071094500836111e-01 -1.617188652360707080e-01 -1.606416715378560234e-01 -1.880742403527402296e-01 -1.433757965965239967e-01 2.750556879222099127e-02 -4.937452657679585188e-01 -4.092561270731761569e-01 2.176870004860987917e-01 -2.394552699616296909e-01 -1.838424298476513119e-01 1.675193103090967250e-01 -4.654230251890656422e-01 4.944243827459260388e-02 1.400858728194163128e-01
-1.755334817869128872e-01 1.355454511533607867e-02 2.384123718804866954e-01 -3.137970092148684165e-01 -4.963564065241165418e-02 4.891181733408469373e-02 3.953673167921722964e-02 -5.151030259328422956e-01 4.628891046640829510e-01 4.816201388767078484e-01 -2.831456299132065202e-01 -4.218315665824176053e-01 -2.084422463855222785e-01 -2.483177385392031922e-01 5.041031734605365688e-01 2.287317418407908143e-02 -2.508305985877301580e-01 2.424703817121175720e-01 -4.624221411664817261e-01 -3.080949000075178246e-01
-5.237920301146542501e-01 -2.564504185149738338e-02 1.236918353037755741e-01 4.862555202101229712e-01 2.941089136747142008e-01 1.388576459895075887e-03 4.241256566148583484e-01 3.109753787906511802e-01 5.154909087219654296e-02 -3.625376644614182187e-01 1.593218778668238633e-01 3.947520711075687139e-01 -9.357562909801887818e-02 -1.288594177737913682e-01 -3.963568216626728313e-01 -4.772312578969511998e-02 -3.669549892705328276e-01 -4.097555189797882913e-02 -4.665477569729821194e-01 -3.097591354483062442e-01
-1.109093934867080439e-01 -2.460009670622730626e-01 -3.131315655448836943e-01 3.801017026451535274e-01 7.458710073511175265e-02 -1.057653430602051581e-01 -5.818269562207908363e-01 -1.723424986228983269e-01 4.374769452830177263e-01 4.441038393537267703e-01 -3.253927510686009383e-01 2.116432729043279948e-01 4.216229479889969101e-01 -3.370501172344714247e-01 -2.330711216320212331e-01 6.003591897676362477e-01 3.343819122214560235e-01 1.027939874135335163e-01 -2.853014238230546784e-01 3.109988670483921913e-01
7.803411781802097047e-02 -2.301348169679432176e-01 1.622871081882292510e-01 -3.931458689464030209e-01 1.412194206142752539e-01 -4.358366936972730143e-01 -4.999543835139128034e-01 -1.257880560954260651e-01 1.086527538735985871e-01 3.672953273262192370e-02 -4.776201110484193935e-01 4.785410885530540503e-01 -9.615826438264382658e-02 -6.297622149955781068e-02 3.894400010936621137e-01 -1.669771051534369721e-01 -4.912755323594427681e-01 -2.813556827270077276e-01 3.139455185082595245e-01 3.346923914097032493e-01
-1.203369072127716821e-01 2.077064752145840743e-02 2.216368902864764845e-01 -1.961943138349282467e-01 -2.814293303176121919e-01 1.326265944127104079e-01 1.233333297758191227e-01 -5.181389174604322800e-02 -2.046218800732424459e-02 3.677683014898277536e-01 -2.743981106722478414e-01 6.260185931347861388e-02 -5.803128647133659612e-02 -4.999196324135908309e-01 -2.082839571701349257e-01 -2.741069958845312460e-01 4.301025409387069232e-01 -3.838995503542739218e-01 -4.426166496337128331e-01 -3.864474643086482919e-01
-4.926719427017419162e-01 -9.975468308019819208e-02 1.387616718018777062e-01 4.422532518398714640e-01 -5.124965273162833679e-01 -1.071479203541560732e-01 8.019412075823191544e-02 2.586697594101997622e-01 1.469971488799245718e-01 -3.014769988177000148e-01 1.665734843591629710e-01 -2.012440018150901400e-01 -3.062842391753259341e-01 -4.806303341942481100e-01 -4.011804338214499110e-01 1.666758123705920913e-01 -2.740913056982879903e-01 9.104039875842041829e-02 -6.045959635699071216e-02 -2.688479252054088997e-01
1.083941825654996111e-01 -2.579105550247362544e-01 2.721031158619402479e-01 1.350299523920805433e-01 3.409523823879048177e-01 -7.524133346450513626e-02 -3.011367492764436271e-01 -1.622495959641365865e-02 -4.303778952069507446e-01 -2.019737066713435947e-01 2.130777299019620541e-01 -3.768790496255178812e-01 6.833624656808569287e-02 -2.684379212404054693e-02 6.776152789180088787e-01 1.127259160704893598e-01 -5.563177069127481777e-01 4.027873565925924049e-01 -9.563712832258512708e-02 5.554967393800097630e-01
2.072824209552399100e-01 1.481639046757697864e-01 -3.108485274424135358e-01 3.508743286962767716e-01 -5.706216626542037762e-01 2.483258525736346256e-01 1.995276799665859635e-01 2.252160480638157047e-01 3.305233980563612728e-01 -4.790703443518453120e-01 -2.088131719499898564e-01 3.430192166533301279e-01 3.149244987307818211e-01 -5.649527605699282695e-01 -3.138377908974185893e-01 -4.699576714056510895e-01 3.359451845030383410e-01 2.226670181385045078e-01 1.744408965571954129e-01 -3.049029092984637535e-01
-4.335151143607611224e-01 -4.350811976948582016e-01 -5.079907908652564474e-01 6.749501185856510502e-03 8.103535579771113662e-02 1.746191059361802966e-01 1.921111612147856917e-01 4.114159687274169253e-01 3.022328418376465237e-02 1.684006291663000254e-01 4.632345553571133867e-01 4.105087533982816339e-01 1.071810446318649662e-01 -5.495937194658955249e-01 2.741762205830373667e-01 3.006731871518775745e-01 -6.093125762776606669e-01 -9.542617751220569544e-02 -3.466361547047929204e-01 3.674799514999579908e-01
1.271976606161451528e-01 7.762241405451292785e-03 -2.592361971428536194e-02 3.668693418199744927e-01 -4.589378103183369140e-01 -3.381132969530291632e-01 -2.423722784980552325e-01 1.777056171613234647e-01 -1.148938161030059052e-01 2.701441232175076923e-01 4.014372770790722300e-01 4.759225116584980819e-01 2.112203646903060006e-01 -4.899870001271167674e-01 -4.967118067091418343e-01 -4.464836428006138669e-01 4.107087999238733800e-01 -3.693986642914547924e-01 -1.374978310162641992e-01 -4.422746738841243364e-01
