4.943622057001629926e-03 4.971936183649773057e-03
-1.698901642358692010e+00 -1.698901759360445407e+00
2.848133904786811499e-01 2.848127502455810589e-01
1.432957242676617844e-03 1.397914547727135233e-03
1.426147898991050877e-03 1.459161998806716206e-03
5.381091632230231014e-03 5.376221540010216703e-03
7.491880124191165405e-03 7.447093537107099363e-03
1.152263960185270211e-03 1.154994888381588028e-03
3.810639702238069557e-03 3.824980582329375219e-03
2.044656991685687183e-04 2.024908207554283236e-04
