-2.581141495827752874e-01 3.480444707969844453e-02 3.762232610982609859e-01 4.706674178207165271e-02 -4.038143076739097309e-02 -2.551939138214819325e-01 -4.033926547385275341e-01 4.151985938978896007e-01 4.400383228523402357e-02 3.569587414889623944e-01 -2.315083982294433712e-02 4.382970431633775865e-01 -2.602689887263779367e-01 -2.819336476427991567e-01 -2.144937934204075303e-01 -2.585903131161472190e-01 3.393831102523417204e-03 5.889851272058655995e-01 3.165199673230890687e-01 2.598068514756948222e-01
-4.229523514862846834e-01 -3.680814243925946694e-01 -4.977835923320235167e-01 -4.660566274849275437e-01 3.146481688097262364e-01 1.562654051272923950e-01 1.722636541165193380e-01 1.445332686623418406e-01 6.652639896445708412e-02 2.420743781288935137e-01 2.644354707248034453e-01 -2.507834905628794631e-01 4.702108024483388909e-02 -8.901550048590128883e-02 2.983554594881813755e-04 3.693327259535905127e-01 -2.102929521193405704e-01 2.551748158790017040e-01 -1.454964155336588294e-01 -3.327036242646959074e-01
3.419782637500450306e-01 -5.899586950796759099e-02 3.692143194320972044e-01 3.134790096583121854e-02 2.834500387124630483e-01 3.222118166866650979e-01 -2.820318915619569045e-01 3.535710753347707236e-01 -2.380009332387743315e-01 -3.843275932622295388e-01 9.018407756751667392e-02 -6.287555097077367205e-02 3.044574716919659640e-01 2.861767473925362279e-02 -4.087786945536509009e-01 -1.722725050852759177e-01 -7.474722740447346282e-03 -4.019099242572193309e-01 -3.864431274002237959e-01 1.873191890126409478e-02
-9.977175366341328386e-03 5.624398114532271897e-01 -5.837917985215388406e-01 8.460122090663451180e-03 5.273190097419402922e-02 3.878818684958015295e-01 -2.557369066888838249e-01 2.688500616646605224e-01 1.883255649915754615e-01 6.041180780129351557e-01 3.744708367660048443e-01 1.684268095943437515e-01 -3.537196873902113681e-01 1.833788937997591628e-01 1.661556082749592322e-01 1.388814330375633989e-02 5.530916509968848011e-02 -4.915741202599491766e-01 -7.551891316205683324e-01 -4.792324214222522527e-01
2.943199991907497273e-02 4.261776900181966643e-01 5.650411751045056330e-02 -4.704540035239192231e-02 -4.234993622590289553e-01 2.128162715017604956e-01 1.845972528790316425e-01 -7.920317817964388218e-02 6.344192680061391809e-02 -2.386007697156198870e-01 -1.125796687863448858e-01 -2.013813476033175232e-01 -4.325946260359302964e-01 -1.632806672045822582e-01 1.013782880347792875e-01 7.326400681774540569e-02 -4.444336499193562440e-01 3.481118599979921274e-03 4.376430244678279902e-01 3.871124313282206519e-01
-4.307790827522620103e-01 -6.341710134341598248e-01 2.082556335690257387e-01 3.973167009662238042e-02 2.823332025027702752e-01 2.964653756871299742e-02 1.788304524401847229e-02 -3.592292442356211368e-01 7.235662860190483769e-02 4.679418142694408145e-02 -2.471720597340570924e-01 2.251789980370361988e-01 5.178614200345281748e-01 -8.054437509897020842e-02 -1.942982983822326148e-01 -5.451736041163723900e-01 5.414600420350874632e-01 -6.309628891054316902e-02 4.933884487945484065e-01 -3.080011724510026139e-01
-2.088489358344477187e-01 2.357312759908512800e-01 -3.225048957501946978e-01 4.029486469818174266e-01 1.133898548484814223e-01 5.902152215571380110e-03 1.962198989922329384e-01 -4.097710558415915139e-01 9.672624143978861277e-02 -7.259642267320573494e-02 -3.808608178928837851e-01 -4.478508267642193896e-01 1.024612345815286291e-01 2.968108473891739596e-01 -2.052220746786619365e-01 -3.766877074118591406e-01 3.909266580226194443e-01 1.004800679091085031e-01 1.381286823392636476e-01 -3.558481438960262033e-01
-3.259827218007595451e-01 -2.453569157620272001e-01 5.419588663344051538e-01 1.068162329370914015e-01 -3.756380132867809807e-01 2.015735114246290371e-01 4.631733206618816046e-01 -1.329141669724716035e-01 1.687235692526184994e-01 3.105920128300970195e-01 -1.410849717981738916e-01 4.268824715857689744e-01 -2.065884966524288158e-01 2.120713164663456940e-01 -2.073110495276608567e-01 -3.270077946682033998e-01 -2.233380141547862685e-01 -3.375287906858750464e-01 -1.024416467694451438e-01 -3.499695751703121860e-01
3.453488868987518168e-01 3.279310712920989190e-01 -5.070817778071057963e-02 -1.366321000580736633e-01 1.216356455945346859e-01 4.867559779035735557e-01 1.747644969852888974e-01 1.323897137071775032e-01 -4.561450433788766246e-01 -4.718712841458516660e-01 1.998313478563237041e-03 1.535161578778182212e-01 3.544535135554466865e-01 -4.925109336280252825e-01 -1.752162517237797756e-01 -2.559188777611071663e-01 -2.728992694838539360e-02 -2.767109351608091350e-01 -1.981373715746719555e-01 2.422360825601206635e-01
2.086140073447191323e-01 -3.147752527490498275e-01 -4.148303255800088185e-01 -4.580879341276794525e-01 5.121655474031732574e-02 -3.614267826725262034e-01 2.503755304669321585e-02 -2.255433296294078738e-01 -1.224023287632361873e-01 -3.424508053308573108e-01 5.990860034485163271e-02 2.870891858207783379e-02 2.240467738768771866e-01 4.298739082965726821e-01 3.666448212643209636e-01 -2.777397804902516087e-01 1.455741827780988040e-01 3.022290907698658158e-01 1.532791702007682555e-01 -1.404291507557864083e-01
1.318041858017940937e-01 2.058254939304319242e-01 -3.936510697033970829e-01 -7.699026331697536932e-03 -5.647725559659062811e-02 -3.344248871445918980e-01 -3.017157162315614038e-01 3.657111190923743038e-01 4.805941565073124644e-01 -2.398297231572721622e-01 2.650198064144304033e-01 2.403133507179915362e-01 8.757909621585777127e-02 4.328830712528308200e-01 -8.221928715970314161e-02 -5.177165018340844638e-01 3.486943896655355646e-01 -3.758248476580274833e-01 -3.017050915123181132e-01 -7.091769041632072224e-01
-6.457323419865946823e-01 1.383360583436819558e-01 -2.884800405564627024e-01 1.733998753831548501e-01 6.048940703591486612e-01 5.121161418814998978e-01 3.268611693290999765e-01 3.764534431753326360e-01 -5.011267422988539000e-01 -1.744800499246177902e-02 1.483718321350879429e-02 2.858911294352181054e-01 1.086611741362916994e-01 -2.378385854695672375e-01 2.531798770656303876e-01 -3.733791742154974475e-02 -5.388819978148204903e-01 -3.121748752772275370e-01 -6.978202417833982707e-02 -6.277649143244891095e-01
