3.086210135640927721e-01 -4.678264025175169483e-01 -2.513987970433828600e-02 -3.268125592141554181e-01 -1.175372716631236658e-01 5.720482173807150961e-02 2.671220206577837875e-01 -4.407097329727682755e-01 -2.663282991295099489e-01 2.191219627538280035e-01 4.922205793963629894e-03 -1.429920532915344156e-01 -1.499355558721132686e-01 1.130578243370661262e-01 2.317622868302477990e-01 -3.805483034535640519e-01 1.898780133861708297e-01 -2.836793624735802766e-01 -2.002869049381942324e-01 -3.076264256832796917e-01
2.389459443810881545e-01 4.131380450930746129e-01 -3.246313027503132109e-01 -3.520535242245070862e-02 5.125994851410671238e-01 4.856691809645209967e-01 -4.581794567573941879e-01 -3.521170489303960816e-01 -4.032101442596546792e-01 -3.715775603192595367e-01 -2.242968508349252876e-01 -3.655882717056750386e-01 3.445590540190855422e-01 4.223272436753467418e-01 2.983172092910790427e-02 -4.352660375046810137e-01 4.441600363284710362e-02 -3.454724695254802747e-01 -4.955694992992730197e-01 -3.420697679754102771e-01
-4.223137466831982101e-01 4.265352425558519012e-01 -1.545540542896017555e-01 -8.634945827665614637e-02 -2.297511012507384986e-01 2.847652433728611876e-01 -1.515262366039023534e-01 -1.978294785032515268e-01 -4.789418091414333195e-02 2.577345244815990588e-01 -3.737143242861319936e-01 -4.795453749309703251e-01 2.449140565725723140e-01 2.158799200906308113e-01 -1.066425063633303222e-01 -2.376484425695911673e-01 -2.558872481287940426e-01 -2.208559213691063949e-01 9.932871752210782612e-02 -1.618693640681046972e-02
1.400935703771473695e-01 1.560537848118392912e-01 -3.337523566404756448e-01 -1.194455892235974093e-01 1.382275517817020960e-01 -5.159664488303790097e-01 -7.454152121940928188e-02 2.270853764336159264e-01 5.778879378425448854e-01 3.001146855422465176e-01 1.642481436973904363e-01 -2.411000310189581608e-02 -4.836174452836974197e-02 4.641900901834520865e-01 -2.563682998410478087e-01 -2.948804585574144599e-01 4.801226514635574816e-01 -5.178331492611918385e-01 4.463037938241701252e-02 -3.833793343414663157e-01
4.009069174610246367e-01 2.090323348597941389e-01 -2.666505816019091868e-01 -3.823042578431241068e-01 -3.688131232631808309e-01 3.242887555210854367e-01 -4.436918092925248858e-01 4.296796668797450147e-01 2.593709180669218628e-01 4.889862257823712199e-01 1.770795774068429917e-01 -4.943158889641703357e-01 -2.383045060248656088e-01 -3.597213980504853081e-01 -3.296754837047327080e-01 -3.321189292753403688e-01 -2.063162023684347035e-01 -5.197523349416343502e-02 3.214166427762625289e-01 -4.795207625793292960e-01
8.522944133359872110e-02 -2.286283196543378582e-01 -3.124360442704962604e-02 -4.553077641937361975e-01 2.778478441631383467e-01 9.814987099553516836e-02 3.386968966753498012e-01 -3.315754855953142455e-01 -7.405567643054068727e-02 -3.880850757487372960e-01 -4.931739054626625429e-01 -1.889995064193852187e-02 3.744533134055828549e-01 -4.937177992907402779e-01 7.236368866163178648e-02 -1.442485739116665111e-01 9.739972445454919692e-02 -3.826248809408042684e-01 3.149960405012436349e-01 3.960208283362299242e-01
2.327511480386212136e-03 1.595003891882569927e-02 -2.038913786189163746e-01 5.162458272189299757e-01 -1.061800286769203905e-01 8.784369969863232985e-02 6.687530511909980380e-01 2.448382259672439790e-02 -2.661710849978628571e-02 6.881333116759641433e-02 -2.285674066343801880e-01 4.689960803834211656e-02 -2.850238915141879992e-01 -3.151691440977033576e-01 3.195494106326906558e-01 -4.680320233993125467e-01 2.115333372729101546e-01 1.382363699576042160e-01 -4.188110283143024470e-01 -4.925427118445983021e-01
-1.549955435743219090e-01 -1.766896536165656340e-01 -5.805386881145383482e-01 -2.130768659653844710e-01 3.473737993636885624e-01 -3.225940117666997731e-01 4.454842855846629091e-01 4.751643853173094234e-01 -2.211427930705627543e-01 4.344506051428852211e-02 6.083857681946424067e-01 2.988551420996161112e-01 3.110910754213714203e-03 1.384626024149590851e-01 1.066770591551985566e-02 -4.067220646082377877e-01 -1.689397354889714264e-01 7.326830587878324641e-02 1.019204066275838094e-01 -4.939678534390122278e-01
-3.862587278853587547e-01 -3.934448232697911330e-01 3.755637799040933977e-01 -4.451267966851923941e-01 -1.826065971004016131e-01 -1.306462149097180614e-01 -3.146070845703361485e-01 -3.981913543001331934e-01 3.052350656731017686e-02 -2.344659665780921554e-01 -3.868178433141679085e-01 -3.894407677570421722e-01 -4.115385916425088331e-01 -2.617625896896005333e-01 1.549085564012613325e-01 -4.555482852410127625e-01 -4.505996598753947424e-02 -2.742592285216017833e-01 4.088021738508759162e-01 3.572347130370979729e-01
2.154144976836392111e-01 1.092180960200970080e-01 -4.109288858458122751e-01 -6.070381294511924958e-02 4.121058672481611174e-01 1.661423094237159392e-01 -2.588409998674338561e-02 -2.363775952518578083e-01 -1.587872792985571546e-01 3.492252852604103008e-01 -1.700351376516838209e-01 -3.717745401325575627e-02 1.960196795120146551e-01 -2.582525347876588051e-01 -1.635159499518224480e-01 2.293362512714312296e-01 -3.878419111156374832e-01 -4.157254158365291108e-01 3.814453155124899464e-01 -6.816430164976332307e-02
1.987700725252189160e-01 5.310345252659493670e-02 1.630274063896186565e-01 3.220665919981360314e-01 -8.510459588371074857e-02 3.626677001318758253e-01 -5.920879567974702828e-01 4.533282038686967663e-01 4.745057585206647333e-01 -6.663606894602023267e-01 2.875247984633837461e-01 1.224031112307159969e-01 -1.693040692917280321e-01 -1.366761863254524131e-02 -1.127544684284952359e-01 -1.718477788869175737e-01 -1.235387736541326553e-01 -3.010061384273589602e-01 2.675630919726240120e-01 -2.992378755231133169e-01
-9.828734326940669064e-02 4.509888470578767294e-01 -5.295244542238267682e-01 1.826410224358182011e-01 1.125408138938766706e-01 -4.097326614494583574e-01 -4.572096645672047571e-02 -2.354258384098522894e-01 1.359651285438011337e-01 2.256868827761161489e-01 2.516034368931664988e-01 2.280934606563207387e-02 -7.133315378936071205e-02 1.686646126823774794e-01 -4.993921317951715566e-01 -1.828794606844983128e-01 -4.002965400931619011e-01 4.593799270756598885e-01 3.448216472103773356e-01 -3.772191071839172127e-01
