2.007132946470902013e-01 -6.778814646692536972e-01 2.988582416181317924e-02 -1.933283166316579482e-05 7.900840806782728487e-01 -7.200943514314960270e-01 -2.290455946333087300e-01 -1.892653277242328791e-01 -2.147909912400672305e-01 4.519851765953986078e-01 -1.999428899661235270e-01 -1.459392995534242177e-01 -5.931574310195010247e-01 -1.741090928753935563e-01 6.475495589965096777e-02 -9.663763863692975686e-02 2.365245561896849869e-01 -8.095900895365126804e-02 8.245939470107539748e-02 -5.412395760797059641e-01
3.964525883315857951e-02 4.045244769817228116e-03 -5.531140396763084555e-01 1.556752868928611699e-01 2.831048325718956704e-01 1.300818363682890444e-01 3.395335401026262218e-02 -2.661265344592395610e-01 -3.246840832590512926e-01 5.216364540350704876e-02 2.273132766796770732e-01 -3.176364785894550402e-01 -5.053934398355598434e-01 -1.763624131430223674e-01 -5.485236750100284109e-01 -1.554065932449464997e-02 2.701969558522899217e-01 2.516417089215022274e-01 2.501405968326088081e-01 -2.068996056136936101e-01
-2.371927505832606142e-01 -1.284614435122790055e-01 -5.120662991610032133e-01 -1.032072891080813327e-02 -4.240596973683940021e-03 -3.235631178426108812e-01 -2.028348092985350903e-01 2.878312974909807975e-01 -5.917619170655287197e-01 -4.833038636890364947e-01 5.905218055304943814e-01 6.101747127665555631e-02 6.371689228702358265e-02 -1.154170594776579295e-01 3.060976948462498237e-01 -2.576065456338442750e-01 3.164401535070739402e-01 5.700078681292890942e-02 1.781912596621023359e-01 4.556393764339479735e-01
-1.410083402354597171e-01 9.227353670897416038e-02 7.759286473204311807e-02 3.917193683934395709e-01 1.209193717403658080e-01 -4.516730550841773772e-01 9.614391405922918521e-01 -2.100758375728453697e-01 1.233924541673775133e-01 -6.382305429007035791e-01 -3.958290259497613817e-01 -3.984754146480196102e-01 -5.530251092103399130e-02 -7.327026965782281742e-01 2.073018501701621996e-01 5.812277635917094676e-01 -2.874640867047290049e-01 2.230405947701963043e-01 4.973206094752785078e-01 -1.130996375843866947e-01
-2.139067347212456616e-01 -1.340126896639910470e-01 -9.850684871184012259e-03 -2.341008390531745809e-01 2.651299077014507288e-01 -1.644352361412445562e-01 -4.617436676178379162e-01 -3.534601461412353318e-01 -3.685229434843225738e-01 -8.007188258866748676e-02 -3.500722965014239074e-01 1.958456802866959112e-02 -1.524952989442434070e-01 -3.618829474823899162e-01 -3.610598474612839448e-01 -3.754644717721361546e-01 1.100930294404289800e-01 -7.947054946489129357e-02 -1.072483421337860898e-01 2.835800145238938086e-01
3.664557100962899105e-01 -3.588360861874462238e-01 -4.775702620942868376e-02 -9.622930903789446086e-03 -2.823682965876640472e-01 -5.292670463085680232e-01 1.605617133444621758e-01 -3.135005014814692403e-01 2.948620197731358084e-02 -1.093565001860448971e-01 7.007660912133721609e-02 -1.033942312984906658e-01 5.062014723154575901e-02 -5.699346550354441460e-02 -7.286307051495455323e-02 2.771127658933753568e-01 4.032059274174092378e-01 -4.102328204681234824e-01 -5.519748980417984452e-01 3.124347158189858670e-02
5.290836316914038912e-02 -1.830509549616340381e-01 2.393252699337464484e-01 -1.284192578681654373e-01 -1.442196759124415029e-01 -3.755821869167088045e-01 3.486409999792757231e-01 3.365921419099549006e-01 2.306749047248134177e-01 -2.230471601324497399e-01 -2.469985674769499817e-01 -3.031974446228111741e-01 -3.619461684579542982e-01 1.620687651328663326e-01 -3.376573647808320811e-01 -5.095041624069723829e-01 4.112745888429981678e-01 -3.450608982383872592e-01 -5.359389824843663330e-01 8.521431232348758433e-02
-4.801229736263052383e-01 6.464049321496771749e-02 -1.380402740327351663e-01 -3.860897492026564293e-01 -3.233846788573400133e-01 -1.119859860765692744e-01 3.633094565827948430e-01 9.603910073435933947e-02 9.776755490598013076e-02 4.361453148019400067e-02 -4.784612050951619344e-01 -4.657130137620583143e-01 -2.171857367899484026e-01 -2.918966018834469045e-01 -4.404354367230958189e-01 3.979839561221806266e-01 4.065328333400015093e-01 3.331963203334289414e-01 -4.772179465655411179e-01 1.721057027527140848e-01
1.369894408206510407e-02 -2.852879572436519129e-01 1.504033766073509526e-01 4.612934233799300676e-01 3.499740507869530393e-01 -3.044651087237617015e-01 -8.800028138626858620e-02 7.805085923084549571e-02 2.008140113036160079e-01 -1.441224520837640077e-01 -1.663563355506446351e-01 1.385906689834013467e-02 4.970530010720669023e-01 -3.846382018904713485e-02 -3.962684178525845841e-02 -3.690024666958816035e-01 -1.843304843552373840e-01 7.468235921045863757e-01 -4.474240610597366441e-01 -1.763250861809471937e-01
4.386426107803287899e-01 -1.005730559955677339e-01 -2.683844071151361005e-02 -3.065020042451314097e-01 -2.981587883963235375e-02 -9.542895337329838912e-02 -5.105053749757414439e-01 1.907686355964701153e-01 -3.867434405024417488e-01 -4.048213667606579969e-01 7.929037562174129361e-02 3.453332454712619848e-01 -1.713539889068517175e-01 1.154446574584354901e-01 -1.519389925875428704e-01 2.465874217032919535e-01 -1.755195340722647546e-01 -1.565676308026383023e-01 1.732145833239525090e-01 1.741897940291473323e-01
-2.671059701056227934e-02 9.806605091851082479e-02 -5.307595328393620582e-01 -4.327715401046339228e-01 1.843754748918859654e-01 3.184525836218735639e-01 -1.914656089619731077e-02 2.450984564832100199e-01 -4.797802556235627458e-01 3.697284639494584080e-01 -8.248039690215086886e-04 1.644679688184910726e-01 -6.856636863859918440e-01 6.905492715618480881e-01 -6.451771062471109985e-01 5.785253072836776811e-01 1.609795086103253561e-04 -3.668534300303444851e-01 3.629210416243089377e-01 -5.165816955361414164e-01
-1.934142580446507886e-01 -2.975806368183253614e-01 -3.905796498327258059e-01 -1.198087702844289476e-02 7.063584791371659843e-01 -3.608361878609682161e-01 -4.238382507485936590e-01 -3.829810584646557436e-01 2.572407919056886594e-01 1.076394831294698706e+00 4.780681770954020027e-01 -6.015486719430773732e-01 -7.237814392369211758e-01 3.045222065545887813e-01 -1.803935254586213344e-01 -1.108353167370653286e-01 9.949868358740993068e-01 -4.777794082657048635e-01 3.259752984303782020e-01 -3.292202228514303219e-01
