1.045222681054742931e-03 1.091168579117820538e-03
1.251591759778643244e-03 1.177986977178427158e-03
5.433239066800727574e-03 5.445836498279947591e-03
9.786628005729579045e-04 9.842639274968349554e-04
3.226133389016057340e-02 3.226638345524111134e-02
-1.187795284923765795e-04 -1.436522078369055900e-04
-4.209397316291517421e-02 -4.209556153342109558e-02
-3.200726341937733949e-02 -3.199500536593467143e-02
3.165001251571381534e-03 3.154247662132792819e-03
3.518084827477822364e-04 3.481136255005411661e-04
