1.313757578158597505e-01 -3.783285242793668623e-01 -3.808632039182863194e-01 4.227622980360178917e-01 2.922206370532239306e-01 -3.924704670262245121e-01 -1.227785607586151656e-01 -4.312954119522776630e-01 3.589536437702787741e-01 -2.435948095699182539e-02 1.354049436969844977e-01 -1.856544103424876968e-01 -6.552643046536227311e-02 1.198836163963477690e-02 2.056200676988218790e-01 -2.409822240736456678e-01 -4.078932855266600987e-01 4.957030077890526437e-02 -1.391191187459616362e-03 -2.735764148017404418e-01
1.743618477290039548e-01 -2.720679745373981093e-02 2.420547155340975129e-02 -1.064477823578936222e-01 -3.779708706304812371e-01 -2.734923873550940687e-01 3.047241023564630780e-01 -1.512748343810303153e-01 -2.727190255974507038e-01 3.641789885243160718e-01 2.053532694424768656e-01 -2.032382003883330956e-01 -1.618792862496570006e-01 7.281812474660540047e-02 4.347713890975318796e-02 -9.980083739476554305e-02 -4.604166212465800601e-01 4.007067665666555478e-01 -4.016019145315571914e-01 5.670597469242291133e-01
1.159047989147294899e-01 8.173181404406634765e-02 -1.457243613797882253e-01 -5.743605680668124602e-01 2.312672529057607437e-02 3.472800674270333787e-01 -4.699501375710123108e-02 5.770701957209536381e-01 2.610321557139741455e-01 8.734269886673180772e-02 1.693627726536809097e-01 2.617387737300703177e-01 -1.354667523289435627e-01 -1.793199248868085349e-01 -5.641706063728713083e-01 4.440549895873872610e-01 -1.802409268459037595e-01 -9.097115238193505260e-02 -1.295917811536610731e-01 -7.580912465017648483e-01
-1.201758922354739106e-01 4.363821523902600696e-01 2.632957422180005058e-01 -1.101768465974832800e-01 -3.658627496073661445e-01 -8.172331991377572435e-02 -1.193444211167384444e-01 -9.762353538198356717e-02 -2.753214343321581103e-01 4.784809048402298703e-01 -6.074347433878968250e-02 3.162047392145245772e-01 1.385606009314533371e-01 -4.595945501712053183e-01 2.366913472833381549e-01 -3.721023592851781248e-02 3.651929087820741104e-01 -2.283982264451996924e-01 3.413955573517459818e-01 -2.655961944020786558e-01
2.827833702966073282e-01 2.893718749764937481e-01 -3.268758630801160137e-01 1.079264648753384542e-01 -4.192926008718464992e-01 -3.395081763314911072e-01 -5.021560167103001904e-01 1.237059372744564317e-01 -3.608199538115042793e-01 -3.513320234934094177e-01 -4.546722802002256536e-02 3.724255659775813632e-01 6.006662729491767799e-02 4.726825474297767227e-01 -3.458820177719102995e-01 -2.170293304031945258e-01 2.738909290690447751e-01 -1.598891537153498410e-01 6.880062446373437224e-01 -3.230395087527288683e-02
-5.429677954277255525e-01 1.882159164410849295e-01 -1.865052712752877928e-01 2.530218842209001617e-01 3.282744770721470751e-01 6.274734886954719433e-03 -3.236584699413981858e-01 3.251439635939935568e-01 4.213193924372056753e-01 2.510595804294048494e-01 -3.616327608522006409e-01 -2.542718587570440558e-01 5.238468405911538700e-02 -5.652195148829743943e-01 -1.410136630954824943e-01 4.132142183506116728e-01 1.894084314474471856e-02 -3.396083661608240156e-01 -5.087872071107495398e-01 4.068063861553239402e-01
4.144067541380713204e-01 1.777090598600145413e-02 -2.905894561800343445e-01 -2.631335950869384543e-01 -5.606789443990234378e-03 -6.512369729111827654e-01 -2.396730333130402679e-01 2.065526760246814697e-01 -1.693618316634623866e-01 -2.163107873352635435e-01 4.786357355021526871e-02 -2.687600233466531097e-01 3.167392497637754739e-02 -9.846110914168136954e-03 3.922809185236447727e-01 5.626080494337788902e-03 2.743888549154817058e-01 3.832548495247401488e-01 5.243977876486647371e-01 4.910721330050124012e-01
5.647933794001336327e-01 -1.857253910271738570e-02 -1.754102944017736643e-02 -1.574672964885427129e-01 1.561551131842519591e-01 3.471926088348991635e-01 -2.156163118992167893e-01 2.127805361575840076e-02 4.689467083138508241e-01 -4.160973056142950877e-01 2.314688109225855606e-01 -3.459210054103258325e-01 -8.744457814025959064e-02 5.679103321110916536e-01 1.917021606281840707e-01 -2.544975612197782899e-01 -5.806055767716420402e-01 -1.263775154229562214e-01 -3.712985729617966912e-01 6.078295874765199391e-01
-5.306497608666307375e-01 2.167930844572029114e-01 8.724198614324961409e-02 -1.624080858947724582e-01 3.548587807452592835e-01 3.034219071048192551e-01 -4.131137167081829209e-01 -5.211976544633760700e-01 1.782565959501390684e-01 -1.227812623786763424e-01 4.328668605638792966e-01 6.906708705686456784e-02 -3.320765766334201063e-01 2.474048467221770797e-01 8.382183255703594404e-02 -3.493608391076385988e-01 3.998965590558846150e-01 -3.086929399979482236e-01 -4.697492499535994570e-01 -4.444984170988523497e-01
2.146008477518139834e-01 -2.505790261485402182e-01 -2.390732214941570025e-02 1.755371024478474817e-01 3.048391181885784507e-02 -1.563569622959369299e-01 1.102161816040508890e-01 3.129076069823959472e-01 5.504755513602502814e-01 -2.835093398498870765e-01 -1.315126973149709222e-01 1.457092496335248843e-01 2.845199726291445796e-01 -3.910320323888873406e-01 -3.772160875688119197e-01 -5.591578995787086503e-01 3.103351745681427465e-01 3.462432741951387838e-01 -5.091858368394601708e-01 -6.450476815562274924e-01
2.454756937739951961e-01 -5.338811018734591629e-01 -3.469539140561969104e-01 -2.234899730065270651e-02 3.337460986507891914e-01 -3.929688097978521477e-01 -5.813965911474586190e-02 4.530244235419905174e-01 9.363503413637322415e-02 1.628642932667112020e-01 -2.956678139864839516e-01 -1.680355813051509842e-02 3.379449064885255427e-01 -1.449144987696592279e-01 -4.444169949218157445e-01 -2.642916386084896985e-01 8.533050201269558599e-01 3.539035893202888139e-01 -1.785433608399764893e-01 -1.956795789328378415e-02
2.230877536610084092e-03 -1.768972343729912633e-01 8.688753191362574846e-02 7.792029585916072643e-01 2.539222412064803258e-01 3.241747229438443623e-01 1.007898852980744636e-01 1.776800723882646649e-01 3.370319625391531293e-01 -4.148758272739867525e-01 -3.387727876583718212e-01 -1.588596739710651518e-01 4.323000466568159283e-01 7.760217982931257898e-03 1.479634062016965401e-01 -3.981584003669877414e-01 -6.982909441621871771e-01 -2.459485550140221369e-02 -4.038525418919766685e-01 4.048776291431239183e-01
