-3.089800612216411779e-01 1.203696999734897438e-01 -3.901250658855885955e-01 1.039988510660973420e+00 8.476267548663110607e-02 1.692809108578940958e-01 5.878297936651611932e-01 -2.520445289947513823e-01 1.764229162313093180e-01 5.778862893109933813e-02 -5.945248838899316324e-01 -1.485785083164589959e-01 2.905866193811922904e-01 3.191842405741296962e-01 -1.136067409819020158e-01 -4.619784424712346516e-01 -3.924550575508144457e-01 -8.606588670657268347e-02 2.398811917129543836e-01 -7.484701929330699333e-01
-3.153297450130374546e-01 -1.195425057903861527e-01 6.662355822181520448e-02 -1.703801213537968207e-01 -4.733522506605765123e-01 4.585627393407801788e-01 -1.822184560113137008e-01 2.651281838233622290e-01 -4.421317657641439247e-01 -4.672938815202390406e-01 2.901796976344603318e-02 2.556894224324027243e-01 -4.905500305085124801e-01 -3.835594824924300206e-02 1.408941686470410737e-01 -1.653800567763348828e-01 -7.360099830447669467e-02 -2.300032030977556263e-01 4.556771023370843193e-02 4.135411163068565266e-01
2.098839904044106641e-01 -3.346362204701181509e-01 1.841959760979011360e-02 -7.997589272377647607e-02 -1.554411640291085694e-01 7.269748883353706059e-01 -3.404984989418423369e-02 -6.763025117741627845e-02 2.621620032945716772e-01 -3.774892853948110250e-01 -3.676539079717170422e-01 1.832954369245554382e-01 -7.884623469460845246e-01 -1.092223325406101175e-01 -3.050276035654293505e-01 1.475769379554784100e-01 8.224621238607558726e-02 8.445254656805802895e-01 8.706869686771498418e-02 -1.898599834114181595e-01
-1.625221228429754861e-01 -2.022787692321972586e-01 6.613343964216168436e-01 -3.294809800300707581e-01 2.754987466455900424e-01 -5.004229418762905501e-01 1.787512194578284030e-01 6.097763754546885462e-01 -3.758682625449277781e-01 -9.878784111656472300e-01 2.525451250242536916e-01 3.184536381875911482e-01 -5.505167005350760506e-02 1.173447101419750477e-01 2.188127160431789231e-01 -2.778755678708083043e-01 -1.824152214001201477e-01 3.183575005542205738e-01 -4.556378098970447210e-01 2.424673837009733990e-01
4.423274592705074282e-01 -2.118750611257247396e-01 -3.227608861176073374e-01 -1.909072623063057250e-01 -3.959861931429913273e-01 3.829988352536964902e-01 -3.577710080997084097e-01 2.560527700775062643e-01 -4.775912042701304649e-01 -2.382066968335317947e-01 -9.571115450576195283e-02 -1.422521476397965445e-01 -3.545998519880003697e-01 -1.045298063360228236e-01 2.471451204404847557e-01 -1.951526513123162943e-01 -1.596608128022052320e-01 -1.283861180916797684e-01 2.277391145427879460e-01 -4.028029077106388689e-01
-3.082758939228619904e-02 1.461162751088535550e-01 -6.825675348594328895e-01 -1.709051063208289478e-01 -3.602818096182506813e-01 3.413311639864181068e-01 -1.880036019130656988e-01 7.225651162607996669e-01 -3.223172740782860313e-01 7.305268187836228000e-02 4.180016946260377564e-01 4.958840533267799278e-01 -5.218779109216939993e-01 5.929518014332297859e-01 -3.113631006601607631e-01 9.953779948836294356e-02 -4.940171668625376600e-01 -8.830148170331248575e-04 -4.321326515751797159e-01 -3.879260355900310819e-01
4.588528791477661239e-01 5.044299016712500833e-02 -3.550547484306876278e-01 3.786555977161656233e-02 -2.425692289625039910e-01 3.081439281103500183e-01 -3.690166066167155368e-01 6.024281006775523972e-02 -3.717658763337080563e-01 -3.253015307417299606e-01 1.208286181987580643e-01 -1.846580066644875617e-01 8.075365985685676318e-01 -4.673804139352560894e-01 3.260725741413975087e-01 -1.147446841509916216e-01 4.420866865397826695e-01 -3.841999151297312842e-01 -6.541071110516685772e-02 8.327233897968522314e-01
1.335729147182541376e-01 -4.608347896837404201e-01 -3.085210735182065678e-01 -3.048101926459561781e-02 3.250267507439766890e-01 -1.504790469230257999e-01 2.339614007874854518e-02 -3.538741463181254154e-01 -5.818473321570664936e-02 2.563987468018910643e-01 -4.353342438482930010e-01 -2.907660704706006016e-01 3.061242853589173918e-01 -2.102218149273219483e-01 -4.256483922916403650e-01 -5.030087615542002677e-01 -8.187786181171853583e-02 7.253251322718233529e-02 2.990263172995719088e-01 9.344885555027578061e-02
-5.708457291912714948e-02 -5.971724061297115083e-02 -6.551130046007733743e-01 5.039902667933172653e-01 -2.267396415712794877e-01 3.442614697457891948e-01 2.893860754397616919e-01 -1.071382462988361151e-01 -1.468950359860101418e-01 -3.496279868371992561e-01 2.946078687424384945e-01 5.184277797893496187e-01 -2.632281899846404816e-01 1.951694320303999086e-01 -4.101622949783064742e-01 -2.539174586406910406e-01 -6.176859276616406547e-01 4.675700415771280594e-01 5.057209532498800897e-01 -7.521233443975865463e-01
2.453895278897517962e-01 2.522586318837440750e-02 3.733579008124189857e-01 -3.619157738242900213e-01 1.983371915333373980e-01 7.612054897053783797e-01 -3.691983552550898162e-01 -6.363172469317999180e-01 -1.402857901907759719e-01 2.435626013517645239e-01 4.516219099917493929e-01 2.308759464675421147e-01 -4.117257521443885154e-02 -3.977480080005769691e-01 1.660047664237166709e-01 -5.102093721737281928e-01 1.010281606665081044e-01 9.317229968050269595e-02 -3.429622631809117750e-01 7.255734654798019767e-02
-1.713193009591487681e-01 3.464240313664220805e-01 -7.538043263843353659e-01 2.995271476094290564e-01 2.354197391641170423e-01 9.177005489534754978e-02 -3.313277047450513546e-01 4.303299719565119585e-01 5.117503070737299264e-01 1.646215718689881813e-01 -8.297095940755373489e-01 -2.481360109965004557e-01 2.255336708324675588e-01 3.042046170052362108e-01 1.042097645980591576e-02 1.418652612265564605e-01 1.923075381706131071e-01 -1.633559550225487933e-01 -2.698508114843164996e-01 4.826519733624875380e-02
-2.191433687511440964e-01 4.365449620202286329e-01 -3.414056738911764310e-01 -4.543238016953000669e-01 -1.877206031674800157e-01 -5.047675361214377932e-02 4.596633809445977575e-02 3.694103766834848090e-01 -2.859764518584993476e-01 4.703026636190628662e-01 3.862402003164144837e-01 -4.635176833117981010e-01 8.114305955350438471e-02 1.502481202774177830e-03 -1.931058112115613679e-01 1.461374089447843028e-01 -4.606298754812976348e-01 -2.294249178757482854e-01 -6.493429131541324228e-02 -4.187775164243806580e-01
