-3.534636168936464151e-01 2.372047254062266408e-02 8.155793557464113830e-02 -2.479225222256751793e-01 5.680265088364973985e-02 3.371927910221258484e-01 -6.051610074808070339e-01 -4.936218367413153785e-01 3.140203502383487888e-01 2.302051660245024722e-01 2.523817735789263828e-01 -4.686841639275012850e-01 4.665279091369498587e-01 -3.076287373085484413e-03 1.389273741802427298e-01 -4.525964686820870275e-01 4.474307133760196953e-01 -2.286545610594673261e-01 -6.951280574641312271e-02 -1.134798790697416487e-01
-7.972408850564608462e-01 5.127435704284338813e-01 3.859982468238135622e-01 -1.036102663491679787e-01 5.578296896317193332e-02 -8.556030557495197808e-01 -1.338168896885947312e-01 3.276996011325775671e-01 -1.133044365158111105e-01 1.741897834400705503e-01 1.166288109724687161e-01 8.702584214721557909e-02 4.149175002599297946e-01 -2.241339273349224614e-01 -4.573674411236766657e-01 -2.004367522331111651e-02 5.732685035144621244e-01 -2.217559130176149917e-01 -3.584700241798040588e-01 3.828753106408669948e-01
1.147772213251079948e-01 -1.546554095202077594e-01 -5.256012852407009051e-02 4.724279753256599990e-01 3.754814602133773049e-01 -5.256592226219457542e-01 4.150082053155044748e-01 -4.355205226714645717e-01 -3.080137675877119841e-01 1.434191284001808120e-01 -1.522230089704310063e-01 3.621717211630115507e-01 -1.067917605024351346e-01 2.155486780812506109e-01 -2.139009350874973014e-01 -3.989012134371973106e-01 4.368211745096797077e-02 3.345866762793952565e-01 6.895073546387155139e-02 -1.108714350298483781e-01
1.145589959402588121e-01 2.287533906022481967e-01 1.608329096040017336e-01 -3.088195214122839774e-02 2.804178768016836187e-01 -8.726337193673998627e-01 -2.509354925437404793e-01 3.543449828734436258e-01 -9.113544723568760553e-01 -3.183834416861854866e-01 6.538456788577323708e-01 -8.316814394812249711e-01 5.474953922542299400e-01 4.601859959033769987e-01 -7.161661651628843661e-02 1.595180438382898525e-01 -1.535324752400427373e-01 -3.183273114270692150e-01 3.954799915737399751e-01 5.349371673727849608e-01
2.677360194801821705e-02 -5.515304587867089076e-02 6.847409210204287167e-01 4.981954912656937767e-02 1.932467256323092131e-01 -4.152963353395074941e-01 2.532318404796386480e-01 -2.409222271218672828e-01 2.718322833013814277e-01 -5.564450935714183588e-01 -6.515661437583595283e-01 7.287911505857743721e-01 3.374013957689996346e-01 -8.751521602298724112e-01 5.921998661630875627e-02 -1.962002150736678798e-03 -3.375654638885703940e-01 6.081544887323322435e-01 -5.088094211564942598e-02 1.343063572952266360e-01
-3.887813492997223008e-01 2.287336860631637714e-02 5.647877903722062776e-01 -2.999959937339603533e-01 7.369630202663735030e-02 1.112384318066035188e-01 -5.057943279794521740e-02 3.384464326158571623e-01 4.582939096958439928e-01 -4.504760079888616153e-01 -4.538910255648774539e-02 -5.875759105980730146e-01 -5.114213662673690042e-01 -3.337291597915437169e-01 9.945240821133592701e-02 6.519037755157068570e-02 -8.535441552594369430e-02 7.778332690266115401e-02 -2.281726877504164364e-01 3.956736579120476716e-01
4.891743924613011774e-01 4.351156982932897210e-01 2.975476497461398973e-01 -8.745197214377239958e-02 7.219216543869007019e-01 -1.895476538329330940e-01 -8.201406817561078810e-01 -6.103813271982367894e-01 3.419593488852495922e-01 8.980106508761613593e-02 5.585773074579351155e-02 -1.255367574519479223e-01 -1.405883330055692770e-01 -2.412759935955625656e-01 -1.923533128449338714e-01 2.510578095299615953e-01 -6.201115256838757306e-01 2.248370664607346470e-01 3.045305973556682866e-01 -4.460712539339194427e-01
-4.564567285080419201e-01 3.898103715914933987e-01 -3.696352342977143324e-01 -4.964787667871780052e-01 -2.263409871470225543e-01 -1.970979678746370423e-01 1.077943781701609788e-01 3.547403587484647680e-01 2.435072927642668306e-01 2.268923471423615335e-01 -6.261200865696711637e-02 -4.514591752503397531e-02 -4.149038654402749660e-01 -3.964788674454169937e-01 -1.445372513780043833e-01 -7.158155447533874616e-02 -3.884973424286897181e-01 -3.355442601898911414e-01 -2.503676151889943635e-01 -2.546333525930701280e-01
2.449244597232777265e-01 3.929917935627307846e-01 -3.600387744943244206e-01 3.581357538339159929e-01 2.367720296060517315e-01 6.863218149592335005e-01 -7.303306273645503166e-02 -5.070588274700252862e-01 3.190933873106615026e-01 -5.140495432328342496e-01 -3.448443238180181059e-01 -5.322289047401798090e-01 -2.682730125413040900e-01 4.900164594719591538e-02 -2.775080574516329834e-01 4.391655779834679335e-02 1.434623704694236446e-01 3.916468886368979496e-01 -2.081743914680824203e-01 -2.893986855618871923e-01
-3.271687118860065469e-01 -9.677723033308056888e-02 2.976481855870151128e-01 -6.466215102683268989e-02 -2.831581008424257084e-01 -2.739198936733801548e-01 4.040957535375003240e-01 -9.799236823906140592e-02 3.990743042110751482e-01 3.767678506668630800e-01 -5.071996210858449317e-01 1.231761037384957180e-01 1.004471600011150045e-01 -5.455972868761926886e-01 -1.296347524953483099e-01 -5.422528538627363615e-01 -2.145712072323280872e-01 -5.891482479308183390e-02 -8.662119846192455064e-02 -5.920151651476331794e-02
-3.661829533250041124e-01 4.822430857359133460e-01 -2.763771966536388014e-01 8.696976387252789223e-03 2.922160975178830222e-01 -6.606990168935692465e-01 4.696402679159769056e-01 8.095637719369629115e-02 -3.657793551447013347e-01 2.982902896478405452e-01 2.713778360793020483e-01 1.250983959735863238e-01 5.865765573348019624e-01 1.471133429077771948e-01 -3.168026838466210249e-01 -1.100467386357254773e-01 -4.238513562417043357e-01 2.767730256774063591e-01 -5.015491305056569704e-01 -4.188190704896551653e-01
6.502899731138785111e-02 2.663138188744449408e-01 1.391198681123270720e-01 6.539335833662338060e-02 -2.970400139967362962e-01 -1.667859809797555409e-02 -3.497916047845158194e-01 1.158264931116596841e-01 -4.918445137607022066e-01 -7.919458381380065082e-02 4.318875332459893301e-01 3.953126200238161331e-02 2.022722767648329756e-01 -2.575579605283636053e-01 -3.980032913766043401e-01 -1.370853369753327888e-01 4.646347941444126106e-02 -1.565364685535044764e-01 -3.737655551128858944e-01 2.502518744890964708e-01
