2.065509344072103992e-05 3.963211878875346752e-05
3.781240971263519646e-04 3.443446992415158804e-04
-1.712289643597426858e+00 -1.712289771200743216e+00
7.318384190374945669e-03 7.299120462652237788e-03
2.972501143721176589e-02 2.973215675434560251e-02
5.635070014750913348e-02 5.633578875761708488e-02
2.007714660058921297e-01 2.007714872788959604e-01
5.509736101002108040e-03 5.494152469954985060e-03
5.849918027423295364e-03 5.846435254837447672e-03
6.975440388731072791e-03 6.990742352560765614e-03
