-1.120057672536654229e-03 -1.112772127615109605e-03
6.798082146220274600e-04 6.493963456007494084e-04
1.077083853793135313e-03 1.120084351942472268e-03
5.328964782993269450e-04 5.273994092284113675e-04
7.195372493093119297e-04 6.743634184945024876e-04
-1.145665619570826639e-03 -1.165095416663938701e-03
7.592321994110474703e-01 7.592321938336169529e-01
6.741744352314582274e-04 6.699268546471610344e-04
5.266424994048219841e-04 5.684697876051043397e-04
3.466527333763793576e-03 3.474418065491133301e-03
