-3.215197434034269830e-03 -3.239356944156540803e-03
5.461943723720387445e-02 5.459289225524502354e-02
7.086085842590435224e-02 7.086919743106442904e-02
3.004521990542532994e-03 3.010454252586586277e-03
2.879581642115717783e-03 2.892323532800390208e-03
5.916681973623295898e-02 5.918656656098872371e-02
1.377710905132194935e-02 1.379778894940348645e-02
6.504883387007583118e-02 6.504133063164621587e-02
-1.687458104157627758e+00 -1.687458106140779623e+00
2.269838160864703913e-02 2.271430512269842147e-02
