1.082640245160415432e-01 1.719731651670663303e-02 -5.349463504620090293e-02 -1.674660532267691349e-01 -1.460517024270875930e-01 -4.820168002628708037e-02 -7.550088698721126867e-01 1.795353400404996747e-01 2.692251523017450549e-02 8.589357082956997069e-02 5.430861767533236018e-01 -2.145913901407190544e-02 -3.449115908878618852e-01 3.310764137782658961e-02 2.928448717180933136e-01 2.648971853680493482e-01 2.404029531211636650e-01 2.395295451785700233e-02 -9.968794133428622584e-02 6.256009233542590975e-01
2.365255657447438153e-01 -2.070475201866008030e-01 1.125457347766440214e-01 -3.487308897681505870e-01 -2.455199545347216961e-01 -3.724873477316028025e-01 -8.462807995836237052e-02 4.669778597563873923e-01 1.194179851964829037e-01 -6.174958250355512268e-01 3.336188119765365334e-01 4.209492607448785950e-01 -2.845321383410269744e-01 -5.722936322024183564e-01 4.111751007228536814e-01 2.230659313358919205e-01 7.170458124098472164e-03 4.941006983868834745e-01 -5.305186549578727595e-01 7.456100403286523015e-01
3.274965627512552158e-01 4.597606986652019723e-02 -2.318148869490924968e-01 1.599552640679863802e-01 -3.219891246479253399e-01 6.081452338726625051e-01 -6.309431240294840482e-01 -7.227345239307772506e-02 -4.204817307513881719e-01 -5.813085389525943780e-01 7.906411477959360279e-02 -7.219432432889148765e-02 -5.820534878698313541e-01 3.703155761296387793e-01 3.582833496630613568e-02 3.961285494233984239e-01 5.978112327715425778e-01 -2.413437430504731251e-01 3.271373173446474603e-01 9.186753318220670927e-02
-3.276996106935566866e-01 -1.249809370326437213e-01 -2.996589528403126312e-02 -4.583064418236800774e-01 5.308786876734165883e-02 -2.296038021105905880e-01 2.047393610901530880e-02 2.395764401225810025e-01 -4.785314267322604564e-01 3.250359466286886212e-01 3.273697113061224129e-01 -1.260063376360748832e-01 -2.192223852971773856e-01 8.410450876581969382e-02 -3.753241433920648795e-01 -4.574934694537057256e-01 -4.765861111048851351e-01 4.713679173496089780e-01 -2.068469261510489376e-01 3.426986214770210148e-01
1.393154560050312296e-02 2.170466751018863549e-01 -1.682940160486210701e-01 -2.956067111505216727e-01 -1.034426258619200872e-01 -1.243254462841864305e-01 9.913875564895703596e-02 1.036768835935071437e-01 -2.489581990104679510e-01 2.164274725432644708e-01 -1.164651793745479225e-01 3.296641169980124575e-01 1.235225711077142380e-01 2.557999306088795666e-01 3.819897916371876589e-01 -4.994098706918522756e-01 -3.522285608976263305e-01 -3.883692445147362005e-01 1.351236016694228326e-01 -4.268468559234472326e-01
-7.359445996693344538e-01 -4.139412861128870247e-02 2.248944801472198274e-01 -2.635129897658039511e-01 1.821137281740838054e-01 2.709339056148142855e-01 -3.048617536920606996e-01 1.095079176717888986e-01 -3.425101079319331498e-01 -1.942265117178311462e-02 2.946235838467524126e-01 2.207082797389865736e-02 -9.085214300920010366e-01 6.436025526532216379e-01 1.344912648342964367e-01 3.574356404189751313e-01 -5.267043837578069126e-02 -1.448682433580497642e-01 2.152696687518416141e-01 -5.339463482859122534e-01
-2.394376433408866856e-01 -6.867265446255554906e-02 1.231519031110339668e-01 -2.344664391335270492e-01 -4.868035706725976075e-01 2.121776291684243088e-01 -4.429518108761365536e-01 -4.248282302896131957e-01 3.254567350596525022e-01 -4.970679216275299128e-02 -2.626960566398026803e-03 1.615954180778545191e-01 4.027780591212552497e-01 -4.321465023904202951e-01 -3.176707017537011013e-01 -4.698094145889951390e-02 -4.450630800918258245e-01 -1.680112080571440347e-01 -1.934457106851263097e-01 -3.580837031251454805e-01
2.326490794126161721e-01 -4.617911440669762446e-01 -4.742937632933363207e-02 -1.102032047600664394e-01 1.955901108422799517e-01 8.597809012380883131e-02 4.283367212774041866e-02 -3.509226713658710195e-01 -3.161253467131693307e-01 -1.590243012351867935e-01 -1.929803453736942953e-01 -8.755465865351241828e-02 -1.341097688847601443e-01 5.530103692049805897e-01 -8.892015345282795746e-02 -3.166728908709453560e-01 3.517186313968796996e-01 2.217104064357708904e-01 3.160141573759537859e-01 -3.136821760858776176e-01
1.855674965184681557e-01 -4.121425455850098035e-02 -7.040808199312606486e-02 1.618459472097378005e-01 -5.262779905018203502e-02 -1.310891357788974698e-01 -2.113258695348163019e-01 5.403332590280095910e-02 -3.790927557436487572e-01 -9.528312867535312924e-02 1.296599703812424398e-01 -4.692065279276941836e-01 3.857239211382698096e-01 -5.575701886351074055e-02 5.937462376782849383e-01 9.638529670258162707e-02 -3.104277343978873449e-01 -2.516692329878704726e-01 7.008587785453783692e-01 5.748684430014782132e-01
-7.625214399118450392e-02 -4.052874740723379499e-01 3.949930945932535187e-02 3.955071595286894781e-01 2.156183744930353571e-02 -4.799687251297704016e-01 -2.831334709610064948e-01 2.327388142585748165e-01 -4.883251094592290786e-01 3.127392462495839909e-02 1.549551853715312455e-01 -7.785556813449757974e-02 -1.736508350875687334e-01 -1.327946563656519363e-01 -4.108948140820719575e-01 3.956738674223597707e-01 1.515722795093987496e-01 -3.513277383078140109e-02 -1.964099193712737224e-01 -4.227885597330628964e-01
-2.222458680703343348e-01 8.359371410667575109e-02 -3.876165639305406141e-01 -3.653052419934414707e-02 -1.359880011889919582e-01 -2.999741556015533828e-02 5.170703460951572294e-01 1.131778487594164578e-01 1.256050921746716328e-02 -7.612582217793509853e-01 2.242666097794882851e-01 4.439161777283047172e-01 4.974585830401866970e-01 -2.861942637487432939e-01 1.783523088576428883e-01 3.680167107768300000e-02 -2.891942565573474844e-01 -1.624990657823009166e-01 -1.000634096521955396e-01 -4.914105151160000906e-01
-4.949925762096841764e-01 -2.678759260590821145e-01 -2.724828284690954394e-01 -4.070948349623888518e-01 3.764645994018344655e-01 1.110094761834837795e-01 6.321642723210880999e-02 -5.009087309603280774e-02 -1.548016661416281095e-02 2.005598998982072445e-01 2.025357446578038845e-01 -1.596594493706848528e-01 -2.079212010704732383e-01 -2.986534797549974529e-01 -2.808252859806851243e-01 3.023600020153268120e-01 -4.854167536281796536e-01 -3.987560780462015564e-01 4.045722732262316823e-01 -2.729184686070691979e-01
