5.301789870605291312e-03 5.265178425828709666e-03
5.245223113996823512e-03 5.235874589674775759e-03
5.169911061426453458e-03 5.162554112912129921e-03
7.056538257396913465e-04 7.039618709237709451e-04
2.884088187979441109e-01 2.884088112521546177e-01
1.090685910178625789e-02 1.093381778936704414e-02
-1.565269237985566608e+00 -1.565269195753812737e+00
3.062420744839516396e-04 3.175845124045567061e-04
3.097866485707318450e-03 3.102097818119175111e-03
2.450729220061335055e-03 2.437094270587683228e-03
