-6.670636597011593560e-02 -6.666650967730095023e-02
5.727887511089548776e-05 9.681293609731211316e-05
-9.869555128821602685e-02 -9.867826875740237647e-02
1.265296378922898656e-03 1.246959942513927973e-03
-5.713021123087712316e-02 -5.715350428912418373e-02
-7.034666134383112113e-02 -7.032185396230963836e-02
-5.294711809134750036e-02 -5.294375505527150472e-02
-4.013412327592367351e-02 -4.015334899151873360e-02
-5.700625560534113706e-02 -5.703367226430896414e-02
-1.897341374606667172e-02 -1.897108090229026808e-02
