-1.693641512545006724e-03 -1.705647924529478388e-03
3.230911383794952138e-04 2.366326615138478434e-04
1.547212035301549727e-03 1.554602474173266604e-03
1.719100342021428638e-03 1.720465810725072594e-03
2.645830380792899006e-01 2.645830428190688588e-01
1.365257662582348942e-03 1.338408196852292412e-03
8.686649274572154139e-04 8.638124570931212092e-04
-1.704735189941694706e+00 -1.704735192490383522e+00
2.013739789972951704e-03 1.993501180235197380e-03
6.278349022662884499e-04 6.136278563282299495e-04
