1.719520990975576761e-03 1.750473115103253537e-03
-1.654247429104324318e+00 -1.654246238684617065e+00
2.260414562715546555e-03 2.290020421689354258e-03
4.142270803030379043e-04 4.086176198460796365e-04
1.453997088076094653e-03 1.463034760238499966e-03
1.150131091443034881e-01 1.150145484251597211e-01
5.454787520748689833e-03 5.447566998715716070e-03
2.207210181775683296e-03 2.211016204566155791e-03
1.792792057579469650e-04 1.786280894837307125e-04
8.974270960263325270e-02 8.973653913461426823e-02
