8.815999999999999392e-01
9.152000000000000135e-01
8.923999999999999710e-01
8.698000000000000176e-01
8.407999999999999918e-01
8.244000000000000217e-01
8.112000000000000322e-01
7.980000000000000426e-01
7.860000000000000320e-01
7.756000000000000671e-01
7.671999999999999931e-01
7.591999999999999860e-01
7.530000000000000027e-01
7.580000000000000071e-01
7.491999999999999771e-01
7.465999999999999304e-01
7.432000000000000828e-01
7.398000000000000131e-01
7.361999999999999655e-01
7.299999999999999822e-01
7.119999999999999662e-01
7.083999999999999186e-01
7.047999999999999821e-01
7.006000000000000005e-01
6.994000000000000217e-01
6.970000000000000639e-01
6.934000000000000163e-01
6.905999999999999917e-01
6.875999999999999890e-01
6.854000000000000092e-01
6.825999999999999845e-01
6.777999999999999581e-01
6.762000000000000233e-01
6.732000000000000206e-01
6.683999999999999941e-01
6.615999999999999659e-01
6.572000000000000064e-01
6.513999999999999790e-01
6.466000000000000636e-01
6.443999999999999728e-01
6.401999999999999913e-01
6.340000000000000080e-01
6.293999999999999595e-01
6.253999999999999559e-01
6.211999999999999744e-01
6.175999999999999268e-01
6.131999999999999673e-01
6.109999999999999876e-01
6.049999999999999822e-01
6.024000000000000465e-01
5.989999999999999769e-01
5.924000000000000377e-01
5.860000000000000764e-01
5.806000000000000050e-01
5.747999999999999776e-01
5.689999999999999503e-01
5.662000000000000366e-01
5.638000000000000789e-01
5.595999999999999863e-01
5.554000000000000048e-01
5.518000000000000682e-01
5.453999999999999959e-01
5.413999999999999924e-01
5.367999999999999439e-01
5.327999999999999403e-01
5.296000000000000707e-01
5.276000000000000689e-01
5.252000000000000002e-01
5.205999999999999517e-01
5.183999999999999719e-01
5.140000000000000124e-01
5.101999999999999869e-01
5.074000000000000732e-01
5.025999999999999357e-01
4.981999999999999762e-01
4.926000000000000378e-01
4.881999999999999673e-01
4.864000000000000545e-01
4.839999999999999858e-01
4.789999999999999813e-01
4.771999999999999575e-01
4.737999999999999989e-01
4.706000000000000183e-01
4.666000000000000147e-01
4.641999999999999460e-01
4.631999999999999451e-01
4.616000000000000103e-01
4.574000000000000288e-01
4.537999999999999812e-01
4.517999999999999794e-01
4.484000000000000208e-01
4.474000000000000199e-01
4.442000000000000393e-01
4.419999999999999485e-01
4.392000000000000348e-01
4.367999999999999661e-01
4.350000000000000533e-01
4.330000000000000515e-01
4.317999999999999616e-01
4.290000000000000480e-01
4.265999999999999792e-01
4.250000000000000444e-01
4.220000000000000417e-01
4.207999999999999519e-01
4.185999999999999721e-01
4.170000000000000373e-01
4.163999999999999924e-01
4.132000000000000117e-01
4.110000000000000320e-01
4.082000000000000073e-01
4.072000000000000064e-01
4.040000000000000258e-01
4.025999999999999579e-01
4.003999999999999782e-01
3.988000000000000433e-01
3.971999999999999975e-01
3.953999999999999737e-01
3.933999999999999719e-01
3.921999999999999931e-01
3.903999999999999693e-01
3.875999999999999446e-01
3.851999999999999869e-01
3.840000000000000080e-01
3.828000000000000291e-01
3.818000000000000282e-01
3.801999999999999824e-01
3.783999999999999586e-01
3.770000000000000018e-01
3.748000000000000220e-01
3.736000000000000432e-01
3.736000000000000432e-01
3.719999999999999973e-01
3.699999999999999956e-01
3.676000000000000378e-01
3.663999999999999480e-01
3.643999999999999462e-01
3.629999999999999893e-01
3.616000000000000325e-01
3.598000000000000087e-01
3.581999999999999629e-01
3.564000000000000501e-01
3.546000000000000263e-01
3.531999999999999584e-01
3.516000000000000236e-01
3.511999999999999567e-01
3.496000000000000218e-01
3.471999999999999531e-01
3.459999999999999742e-01
3.454000000000000403e-01
3.427999999999999936e-01
3.404000000000000359e-01
3.387999999999999901e-01
3.377999999999999892e-01
3.367999999999999883e-01
3.344000000000000306e-01
3.336000000000000076e-01
3.314000000000000279e-01
3.306000000000000050e-01
3.294000000000000261e-01
3.274000000000000243e-01
3.262000000000000455e-01
3.245999999999999996e-01
3.222000000000000419e-01
3.224000000000000199e-01
3.195999999999999952e-01
3.199999999999999512e-01
3.157999999999999696e-01
3.174000000000000155e-01
3.115999999999999881e-01
3.132000000000000339e-01
3.087999999999999634e-01
3.097999999999999643e-01
3.080000000000000515e-01
3.104000000000000092e-01
3.094000000000000083e-01
3.094000000000000083e-01
3.092000000000000304e-01
3.115999999999999881e-01
3.124000000000000110e-01
3.157999999999999696e-01
3.169999999999999485e-01
3.215999999999999970e-01
3.189999999999999503e-01
3.199999999999999512e-01
3.177999999999999714e-01
3.155999999999999917e-01
3.102000000000000313e-01
3.102000000000000313e-01
3.054000000000000048e-01
3.045999999999999819e-01
3.024000000000000021e-01
3.002000000000000224e-01
2.982000000000000206e-01
2.953999999999999959e-01
2.933999999999999941e-01
2.900000000000000355e-01
2.910000000000000364e-01
2.873999999999999888e-01
2.882000000000000117e-01
2.828000000000000513e-01
2.845999999999999641e-01
2.795999999999999597e-01
2.830000000000000293e-01
2.763999999999999790e-01
2.795999999999999597e-01
2.731999999999999984e-01
2.762000000000000011e-01
2.701999999999999957e-01
2.733999999999999764e-01
2.675999999999999490e-01
2.710000000000000187e-01
2.643999999999999684e-01
2.685999999999999499e-01
2.611999999999999877e-01
2.670000000000000151e-01
2.593999999999999639e-01
2.651999999999999913e-01
2.566000000000000503e-01
2.630000000000000115e-01
2.548000000000000265e-01
2.616000000000000547e-01
2.530000000000000027e-01
2.591999999999999860e-01
2.500000000000000000e-01
2.578000000000000291e-01
2.483999999999999542e-01
2.561999999999999833e-01
2.476000000000000423e-01
2.540000000000000036e-01
2.448000000000000176e-01
2.526000000000000467e-01
2.438000000000000167e-01
2.528000000000000247e-01
2.426000000000000378e-01
2.503999999999999559e-01
2.401999999999999691e-01
2.498000000000000220e-01
2.378000000000000114e-01
2.483999999999999542e-01
2.359999999999999876e-01
2.476000000000000423e-01
2.354000000000000536e-01
2.458000000000000185e-01
2.331999999999999629e-01
2.441999999999999726e-01
2.324000000000000510e-01
2.431999999999999718e-01
2.311999999999999611e-01
2.419999999999999929e-01
2.304000000000000492e-01
2.399999999999999911e-01
2.298000000000000043e-01
2.383999999999999453e-01
2.276000000000000245e-01
2.376000000000000334e-01
2.264000000000000457e-01
2.366000000000000325e-01
2.241999999999999549e-01
2.358000000000000096e-01
2.227999999999999980e-01
2.348000000000000087e-01
2.221999999999999531e-01
2.329999999999999849e-01
2.209999999999999742e-01
2.306000000000000272e-01
2.194000000000000394e-01
2.294000000000000483e-01
2.171999999999999487e-01
2.284000000000000474e-01
2.161999999999999478e-01
2.268000000000000016e-01
2.156000000000000139e-01
2.244000000000000439e-01
2.144000000000000350e-01
2.231999999999999540e-01
2.124000000000000332e-01
2.221999999999999531e-01
2.112000000000000544e-01
2.214000000000000412e-01
2.119999999999999662e-01
2.201999999999999513e-01
2.104000000000000314e-01
2.196000000000000174e-01
2.096000000000000085e-01
2.186000000000000165e-01
2.082000000000000517e-01
2.167999999999999927e-01
2.076000000000000068e-01
2.154000000000000359e-01
2.059999999999999609e-01
2.139999999999999680e-01
2.062000000000000499e-01
2.131999999999999451e-01
2.056000000000000050e-01
2.119999999999999662e-01
2.044000000000000261e-01
2.109999999999999654e-01
2.034000000000000252e-01
2.097999999999999865e-01
2.027999999999999803e-01
2.084000000000000297e-01
2.017999999999999794e-01
2.072000000000000508e-01
2.002000000000000446e-01
2.059999999999999609e-01
1.994000000000000217e-01
2.046000000000000041e-01
1.979999999999999538e-01
2.036000000000000032e-01
1.969999999999999529e-01
2.029999999999999583e-01
1.965999999999999970e-01
2.017999999999999794e-01
1.955999999999999961e-01
1.997999999999999776e-01
1.954000000000000181e-01
1.994000000000000217e-01
1.947999999999999732e-01
1.985999999999999988e-01
1.945999999999999952e-01
1.972000000000000419e-01
1.929999999999999494e-01
1.967999999999999750e-01
1.919999999999999485e-01
1.962000000000000410e-01
1.909999999999999476e-01
1.955999999999999961e-01
1.894000000000000128e-01
1.947999999999999732e-01
1.882000000000000339e-01
1.944000000000000172e-01
1.879999999999999449e-01
1.932000000000000384e-01
1.872000000000000330e-01
1.929999999999999494e-01
1.864000000000000101e-01
1.919999999999999485e-01
1.860000000000000542e-01
1.922000000000000375e-01
1.860000000000000542e-01
1.914000000000000146e-01
1.857999999999999652e-01
1.909999999999999476e-01
1.854000000000000092e-01
1.904000000000000137e-01
1.852000000000000313e-01
1.894000000000000128e-01
1.844000000000000083e-01
1.882000000000000339e-01
1.834000000000000075e-01
1.877999999999999670e-01
1.832000000000000295e-01
1.872000000000000330e-01
1.827999999999999625e-01
1.870000000000000551e-01
1.820000000000000506e-01
1.855999999999999872e-01
1.814000000000000057e-01
1.847999999999999643e-01
1.807999999999999607e-01
1.844000000000000083e-01
1.800000000000000488e-01
1.840000000000000524e-01
1.794000000000000039e-01
1.840000000000000524e-01
1.792000000000000259e-01
1.832000000000000295e-01
1.785999999999999810e-01
1.827999999999999625e-01
1.784000000000000030e-01
1.820000000000000506e-01
1.780000000000000471e-01
1.822000000000000286e-01
1.782000000000000250e-01
1.820000000000000506e-01
1.772000000000000242e-01
1.815999999999999837e-01
1.767999999999999572e-01
1.815999999999999837e-01
1.767999999999999572e-01
1.812000000000000277e-01
1.767999999999999572e-01
1.804000000000000048e-01
1.762000000000000233e-01
1.802000000000000268e-01
1.757999999999999563e-01
1.795999999999999819e-01
1.754000000000000004e-01
1.794000000000000039e-01
1.750000000000000444e-01
1.792000000000000259e-01
1.745999999999999774e-01
1.785999999999999810e-01
1.740000000000000435e-01
1.782000000000000250e-01
1.737999999999999545e-01
1.782000000000000250e-01
1.737999999999999545e-01
1.777999999999999581e-01
1.733999999999999986e-01
1.777999999999999581e-01
1.733999999999999986e-01
1.770000000000000462e-01
1.740000000000000435e-01
1.760000000000000453e-01
1.735999999999999766e-01
1.755999999999999783e-01
1.732000000000000206e-01
1.750000000000000444e-01
1.727999999999999536e-01
1.742000000000000215e-01
1.723999999999999977e-01
1.733999999999999986e-01
1.717999999999999527e-01
1.730000000000000426e-01
1.713999999999999968e-01
1.730000000000000426e-01
1.713999999999999968e-01
1.723999999999999977e-01
1.713999999999999968e-01
1.722000000000000197e-01
1.710000000000000409e-01
1.717999999999999527e-01
1.703999999999999959e-01
1.713999999999999968e-01
1.700000000000000400e-01
1.712000000000000188e-01
1.697999999999999510e-01
1.710000000000000409e-01
1.690000000000000391e-01
1.703999999999999959e-01
1.685999999999999721e-01
1.697999999999999510e-01
1.683999999999999941e-01
1.702000000000000179e-01
1.682000000000000162e-01
1.702000000000000179e-01
1.677999999999999492e-01
1.697999999999999510e-01
1.680000000000000382e-01
1.695999999999999730e-01
1.680000000000000382e-01
1.690000000000000391e-01
1.680000000000000382e-01
1.690000000000000391e-01
1.680000000000000382e-01
1.690000000000000391e-01
1.682000000000000162e-01
1.687999999999999501e-01
1.673999999999999932e-01
1.685999999999999721e-01
1.670000000000000373e-01
1.680000000000000382e-01
1.672000000000000153e-01
1.675999999999999712e-01
1.667999999999999483e-01
1.675999999999999712e-01
1.665999999999999703e-01
1.673999999999999932e-01
1.667999999999999483e-01
1.672000000000000153e-01
1.663999999999999924e-01
1.670000000000000373e-01
1.660000000000000364e-01
1.665999999999999703e-01
1.655999999999999694e-01
1.663999999999999924e-01
1.650000000000000355e-01
1.653999999999999915e-01
1.643999999999999906e-01
1.647999999999999465e-01
1.645999999999999686e-01
1.643999999999999906e-01
1.643999999999999906e-01
1.642000000000000126e-01
1.635999999999999677e-01
1.642000000000000126e-01
1.635999999999999677e-01
1.632000000000000117e-01
1.632000000000000117e-01
1.630000000000000338e-01
1.632000000000000117e-01
1.627999999999999448e-01
1.627999999999999448e-01
1.630000000000000338e-01
1.627999999999999448e-01
1.627999999999999448e-01
1.618000000000000549e-01
1.623999999999999888e-01
1.615999999999999659e-01
1.620000000000000329e-01
1.613999999999999879e-01
1.618000000000000549e-01
1.610000000000000320e-01
1.615999999999999659e-01
1.605999999999999650e-01
1.613999999999999879e-01
1.602000000000000091e-01
1.613999999999999879e-01
1.600000000000000311e-01
