8.825000000000000622e-01
9.070000000000000284e-01
8.894999999999999574e-01
8.699999999999999956e-01
8.605000000000000426e-01
8.389999999999999680e-01
8.275000000000000133e-01
8.064999999999999947e-01
7.880000000000000338e-01
7.800000000000000266e-01
7.720000000000000195e-01
7.684999999999999609e-01
7.630000000000000115e-01
7.564999999999999503e-01
7.504999999999999449e-01
7.455000000000000515e-01
7.415000000000000480e-01
7.324999999999999289e-01
7.284999999999999254e-01
7.209999999999999742e-01
7.145000000000000240e-01
7.119999999999999662e-01
7.065000000000000169e-01
7.005000000000000115e-01
6.950000000000000622e-01
6.890000000000000568e-01
6.830000000000000515e-01
6.779999999999999361e-01
6.724999999999999867e-01
6.670000000000000373e-01
6.594999999999999751e-01
6.554999999999999716e-01
6.494999999999999662e-01
6.414999999999999591e-01
6.385000000000000675e-01
6.320000000000000062e-01
6.245000000000000551e-01
6.174999999999999378e-01
5.954999999999999183e-01
5.880000000000000782e-01
5.855000000000000204e-01
5.785000000000000142e-01
5.725000000000000089e-01
5.685000000000000053e-01
5.625000000000000000e-01
5.554999999999999938e-01
5.514999999999999902e-01
5.454999999999999849e-01
5.404999999999999805e-01
5.334999999999999742e-01
5.244999999999999662e-01
5.195000000000000728e-01
5.124999999999999556e-01
5.090000000000000080e-01
5.050000000000000044e-01
5.024999999999999467e-01
4.995000000000000551e-01
4.945000000000000506e-01
4.899999999999999911e-01
4.849999999999999867e-01
4.815000000000000391e-01
4.789999999999999813e-01
4.745000000000000329e-01
4.679999999999999716e-01
4.635000000000000231e-01
4.605000000000000204e-01
4.539999999999999591e-01
4.485000000000000098e-01
4.489999999999999547e-01
4.465000000000000080e-01
4.449999999999999512e-01
4.415000000000000036e-01
4.409999999999999476e-01
4.364999999999999991e-01
4.330000000000000515e-01
4.300000000000000488e-01
4.254999999999999893e-01
4.240000000000000435e-01
4.224999999999999867e-01
4.194999999999999840e-01
4.174999999999999822e-01
4.160000000000000364e-01
4.150000000000000355e-01
4.100000000000000311e-01
4.100000000000000311e-01
4.074999999999999734e-01
4.064999999999999725e-01
4.050000000000000266e-01
4.034999999999999698e-01
4.014999999999999680e-01
3.980000000000000204e-01
3.964999999999999636e-01
3.924999999999999600e-01
3.924999999999999600e-01
3.914999999999999591e-01
3.894999999999999574e-01
3.874999999999999556e-01
3.844999999999999529e-01
3.840000000000000080e-01
3.840000000000000080e-01
3.814999999999999503e-01
3.794999999999999485e-01
3.774999999999999467e-01
3.764999999999999458e-01
3.745000000000000551e-01
3.735000000000000542e-01
3.715000000000000524e-01
3.695000000000000506e-01
3.665000000000000480e-01
3.659999999999999920e-01
3.625000000000000444e-01
3.609999999999999876e-01
3.605000000000000426e-01
3.589999999999999858e-01
3.569999999999999840e-01
3.555000000000000382e-01
3.539999999999999813e-01
3.529999999999999805e-01
3.515000000000000346e-01
3.509999999999999787e-01
3.515000000000000346e-01
3.499999999999999778e-01
3.485000000000000320e-01
3.469999999999999751e-01
3.459999999999999742e-01
3.445000000000000284e-01
3.419999999999999707e-01
3.415000000000000258e-01
3.409999999999999698e-01
3.395000000000000240e-01
3.365000000000000213e-01
3.365000000000000213e-01
3.319999999999999618e-01
3.345000000000000195e-01
3.289999999999999591e-01
3.365000000000000213e-01
3.299999999999999600e-01
3.419999999999999707e-01
3.309999999999999609e-01
3.405000000000000249e-01
3.425000000000000266e-01
3.499999999999999778e-01
3.469999999999999751e-01
3.485000000000000320e-01
3.425000000000000266e-01
3.465000000000000302e-01
3.385000000000000231e-01
3.439999999999999725e-01
3.359999999999999654e-01
3.409999999999999698e-01
3.325000000000000178e-01
3.379999999999999671e-01
3.275000000000000133e-01
3.349999999999999645e-01
3.229999999999999538e-01
3.329999999999999627e-01
3.215000000000000080e-01
3.299999999999999600e-01
3.189999999999999503e-01
3.285000000000000142e-01
3.159999999999999476e-01
3.269999999999999574e-01
3.135000000000000009e-01
3.239999999999999547e-01
3.084999999999999964e-01
3.215000000000000080e-01
3.054999999999999938e-01
3.199999999999999512e-01
3.050000000000000488e-01
3.165000000000000036e-01
3.004999999999999893e-01
3.129999999999999449e-01
2.984999999999999876e-01
3.104999999999999982e-01
2.964999999999999858e-01
3.070000000000000506e-01
2.950000000000000400e-01
3.054999999999999938e-01
2.910000000000000364e-01
3.044999999999999929e-01
2.890000000000000346e-01
3.040000000000000480e-01
2.874999999999999778e-01
3.030000000000000471e-01
2.860000000000000320e-01
3.014999999999999902e-01
2.830000000000000293e-01
3.014999999999999902e-01
2.824999999999999734e-01
3.004999999999999893e-01
2.804999999999999716e-01
2.960000000000000409e-01
2.784999999999999698e-01
2.944999999999999840e-01
2.760000000000000231e-01
2.934999999999999831e-01
2.740000000000000213e-01
2.920000000000000373e-01
2.740000000000000213e-01
2.900000000000000355e-01
2.730000000000000204e-01
2.870000000000000329e-01
2.720000000000000195e-01
2.854999999999999760e-01
2.720000000000000195e-01
2.834999999999999742e-01
2.694999999999999618e-01
2.804999999999999716e-01
2.680000000000000160e-01
2.784999999999999698e-01
2.654999999999999583e-01
2.764999999999999680e-01
2.640000000000000124e-01
2.764999999999999680e-01
2.640000000000000124e-01
2.750000000000000222e-01
2.634999999999999565e-01
2.734999999999999654e-01
2.624999999999999556e-01
2.720000000000000195e-01
2.604999999999999538e-01
2.680000000000000160e-01
2.594999999999999529e-01
2.670000000000000151e-01
2.580000000000000071e-01
2.634999999999999565e-01
2.570000000000000062e-01
2.610000000000000098e-01
2.550000000000000044e-01
2.590000000000000080e-01
2.534999999999999476e-01
2.560000000000000053e-01
2.520000000000000018e-01
2.534999999999999476e-01
2.495000000000000551e-01
2.514999999999999458e-01
2.465000000000000524e-01
2.510000000000000009e-01
2.449999999999999956e-01
2.479999999999999982e-01
2.425000000000000488e-01
2.469999999999999973e-01
2.415000000000000480e-01
2.439999999999999947e-01
2.395000000000000462e-01
2.425000000000000488e-01
2.385000000000000453e-01
2.415000000000000480e-01
2.379999999999999893e-01
2.389999999999999902e-01
2.369999999999999885e-01
2.379999999999999893e-01
2.365000000000000435e-01
2.355000000000000426e-01
2.345000000000000417e-01
2.329999999999999849e-01
2.339999999999999858e-01
2.315000000000000391e-01
2.315000000000000391e-01
2.305000000000000382e-01
2.305000000000000382e-01
2.275000000000000355e-01
2.299999999999999822e-01
2.245000000000000329e-01
2.275000000000000355e-01
2.219999999999999751e-01
2.255000000000000338e-01
2.185000000000000275e-01
2.235000000000000320e-01
2.175000000000000266e-01
2.229999999999999760e-01
2.155000000000000249e-01
2.209999999999999742e-01
2.145000000000000240e-01
2.179999999999999716e-01
2.129999999999999671e-01
2.165000000000000258e-01
2.119999999999999662e-01
2.139999999999999680e-01
2.095000000000000195e-01
2.135000000000000231e-01
2.085000000000000187e-01
2.125000000000000222e-01
2.059999999999999609e-01
2.115000000000000213e-01
2.035000000000000142e-01
2.109999999999999654e-01
2.019999999999999574e-01
2.085000000000000187e-01
2.005000000000000115e-01
2.075000000000000178e-01
1.995000000000000107e-01
2.065000000000000169e-01
1.969999999999999529e-01
2.039999999999999591e-01
1.969999999999999529e-01
2.019999999999999574e-01
1.949999999999999512e-01
2.015000000000000124e-01
1.949999999999999512e-01
1.985000000000000098e-01
1.929999999999999494e-01
1.955000000000000071e-01
1.925000000000000044e-01
1.949999999999999512e-01
1.909999999999999476e-01
1.935000000000000053e-01
1.885000000000000009e-01
1.925000000000000044e-01
1.879999999999999449e-01
1.909999999999999476e-01
1.879999999999999449e-01
1.895000000000000018e-01
1.870000000000000551e-01
1.895000000000000018e-01
1.870000000000000551e-01
1.889999999999999458e-01
1.854999999999999982e-01
1.875000000000000000e-01
1.854999999999999982e-01
1.850000000000000533e-01
1.850000000000000533e-01
1.850000000000000533e-01
1.840000000000000524e-01
1.834999999999999964e-01
1.810000000000000497e-01
1.824999999999999956e-01
1.800000000000000488e-01
1.810000000000000497e-01
1.780000000000000471e-01
1.804999999999999938e-01
1.764999999999999902e-01
1.800000000000000488e-01
1.744999999999999885e-01
1.790000000000000480e-01
1.744999999999999885e-01
1.784999999999999920e-01
1.734999999999999876e-01
1.774999999999999911e-01
1.734999999999999876e-01
1.760000000000000453e-01
1.714999999999999858e-01
1.750000000000000444e-01
1.710000000000000409e-01
1.744999999999999885e-01
1.704999999999999849e-01
1.730000000000000426e-01
1.700000000000000400e-01
1.714999999999999858e-01
1.704999999999999849e-01
1.700000000000000400e-01
1.700000000000000400e-01
1.694999999999999840e-01
1.680000000000000382e-01
1.684999999999999831e-01
1.670000000000000373e-01
1.670000000000000373e-01
1.670000000000000373e-01
1.670000000000000373e-01
1.670000000000000373e-01
1.664999999999999813e-01
1.664999999999999813e-01
1.664999999999999813e-01
1.654999999999999805e-01
1.674999999999999822e-01
1.650000000000000355e-01
1.670000000000000373e-01
1.640000000000000346e-01
1.670000000000000373e-01
1.624999999999999778e-01
1.664999999999999813e-01
1.620000000000000329e-01
1.660000000000000364e-01
1.620000000000000329e-01
1.650000000000000355e-01
1.614999999999999769e-01
1.644999999999999796e-01
1.604999999999999760e-01
1.630000000000000338e-01
1.604999999999999760e-01
1.630000000000000338e-01
1.604999999999999760e-01
1.620000000000000329e-01
1.600000000000000311e-01
1.604999999999999760e-01
1.594999999999999751e-01
1.600000000000000311e-01
1.590000000000000302e-01
1.600000000000000311e-01
1.584999999999999742e-01
1.590000000000000302e-01
1.580000000000000293e-01
1.590000000000000302e-01
1.580000000000000293e-01
1.590000000000000302e-01
1.570000000000000284e-01
1.580000000000000293e-01
1.574999999999999734e-01
1.574999999999999734e-01
1.554999999999999716e-01
1.560000000000000275e-01
1.544999999999999707e-01
1.560000000000000275e-01
1.540000000000000258e-01
1.550000000000000266e-01
1.530000000000000249e-01
1.544999999999999707e-01
1.530000000000000249e-01
1.534999999999999698e-01
1.524999999999999689e-01
1.524999999999999689e-01
1.520000000000000240e-01
1.520000000000000240e-01
1.514999999999999680e-01
1.514999999999999680e-01
1.510000000000000231e-01
1.504999999999999671e-01
1.510000000000000231e-01
1.490000000000000213e-01
1.500000000000000222e-01
1.490000000000000213e-01
1.490000000000000213e-01
1.490000000000000213e-01
1.490000000000000213e-01
1.490000000000000213e-01
1.480000000000000204e-01
1.484999999999999654e-01
1.474999999999999645e-01
1.484999999999999654e-01
1.480000000000000204e-01
1.480000000000000204e-01
1.474999999999999645e-01
1.470000000000000195e-01
1.474999999999999645e-01
1.454999999999999627e-01
1.464999999999999636e-01
1.454999999999999627e-01
1.454999999999999627e-01
1.454999999999999627e-01
1.454999999999999627e-01
1.454999999999999627e-01
1.454999999999999627e-01
1.450000000000000178e-01
1.454999999999999627e-01
1.454999999999999627e-01
1.450000000000000178e-01
1.434999999999999609e-01
1.424999999999999600e-01
1.424999999999999600e-01
1.424999999999999600e-01
1.424999999999999600e-01
1.410000000000000142e-01
1.404999999999999583e-01
1.404999999999999583e-01
1.404999999999999583e-01
1.404999999999999583e-01
1.404999999999999583e-01
1.400000000000000133e-01
1.400000000000000133e-01
1.400000000000000133e-01
1.394999999999999574e-01
1.390000000000000124e-01
1.390000000000000124e-01
1.390000000000000124e-01
1.390000000000000124e-01
1.390000000000000124e-01
1.384999999999999565e-01
1.384999999999999565e-01
1.380000000000000115e-01
1.384999999999999565e-01
1.390000000000000124e-01
1.390000000000000124e-01
1.390000000000000124e-01
1.390000000000000124e-01
1.384999999999999565e-01
1.384999999999999565e-01
1.380000000000000115e-01
1.374999999999999556e-01
1.374999999999999556e-01
1.370000000000000107e-01
1.370000000000000107e-01
1.370000000000000107e-01
1.364999999999999547e-01
1.364999999999999547e-01
1.364999999999999547e-01
1.364999999999999547e-01
1.360000000000000098e-01
1.360000000000000098e-01
1.360000000000000098e-01
1.360000000000000098e-01
1.360000000000000098e-01
1.354999999999999538e-01
1.354999999999999538e-01
1.354999999999999538e-01
1.354999999999999538e-01
1.344999999999999529e-01
1.340000000000000080e-01
1.340000000000000080e-01
1.340000000000000080e-01
1.340000000000000080e-01
