8.933333333333333126e-01
8.715555555555555278e-01
8.493333333333332735e-01
8.304444444444444295e-01
8.077777777777778168e-01
7.933333333333333348e-01
7.793333333333333224e-01
7.635555555555555429e-01
7.486666666666665915e-01
7.377777777777777546e-01
7.282222222222222152e-01
7.177777777777778478e-01
7.097777777777778407e-01
7.015555555555554879e-01
6.935555555555554808e-01
6.859999999999999432e-01
6.799999999999999378e-01
6.753333333333333410e-01
6.717777777777778070e-01
6.666666666666667407e-01
6.608888888888888591e-01
6.535555555555555562e-01
6.484444444444443789e-01
6.451111111111111907e-01
6.408888888888888413e-01
6.357777777777777750e-01
6.311111111111111782e-01
6.280000000000000027e-01
6.242222222222222339e-01
6.204444444444444651e-01
6.182222222222222285e-01
6.135555555555556317e-01
6.119999999999999885e-01
6.106666666666666909e-01
6.073333333333332806e-01
6.042222222222222161e-01
5.962222222222222090e-01
5.908888888888889079e-01
5.862222222222222001e-01
5.813333333333332575e-01
5.775555555555555998e-01
5.737777777777777199e-01
5.693333333333333579e-01
5.660000000000000586e-01
5.613333333333333508e-01
5.571111111111111125e-01
5.522222222222221699e-01
5.491111111111111054e-01
5.462222222222221646e-01
5.411111111111110983e-01
5.384444444444445033e-01
5.353333333333333277e-01
5.324444444444444979e-01
5.282222222222221486e-01
5.262222222222221468e-01
5.244444444444444908e-01
5.215555555555555500e-01
5.177777777777777812e-01
5.142222222222222472e-01
5.120000000000000107e-01
5.091111111111110699e-01
5.051111111111110663e-01
5.017777777777777670e-01
4.979999999999999982e-01
4.955555555555555269e-01
4.926666666666666972e-01
4.902222222222222259e-01
4.866666666666666918e-01
4.837777777777777510e-01
4.824444444444444535e-01
4.804444444444444517e-01
4.773333333333333872e-01
4.742222222222222117e-01
4.711111111111111471e-01
4.684444444444444411e-01
4.648888888888889070e-01
4.626666666666666705e-01
4.608888888888889035e-01
4.591111111111111365e-01
4.575555555555556042e-01
4.559999999999999609e-01
4.542222222222221939e-01
4.528888888888888964e-01
4.508888888888888946e-01
4.488888888888888928e-01
4.475555555555555953e-01
4.466666666666666563e-01
4.435555555555555918e-01
4.417777777777778248e-01
4.388888888888888840e-01
4.366666666666666474e-01
4.346666666666666456e-01
4.317777777777778159e-01
4.300000000000000488e-01
4.277777777777778123e-01
4.257777777777778105e-01
4.235555555555555740e-01
4.197777777777778052e-01
4.197777777777778052e-01
4.182222222222222729e-01
4.162222222222222712e-01
4.137777777777777999e-01
4.111111111111110938e-01
4.097777777777777963e-01
4.084444444444444988e-01
4.060000000000000275e-01
4.028888888888888520e-01
4.011111111111110850e-01
4.004444444444444917e-01
3.993333333333333179e-01
3.982222222222222552e-01
3.955555555555555491e-01
3.951111111111110796e-01
3.935555555555555474e-01
3.924444444444444846e-01
3.904444444444444828e-01
3.882222222222222463e-01
3.860000000000000098e-01
3.840000000000000080e-01
3.817777777777777715e-01
3.786666666666667069e-01
3.757777777777777661e-01
3.737777777777777644e-01
3.722222222222222321e-01
3.702222222222222303e-01
3.675555555555555243e-01
3.635555555555555207e-01
3.631111111111111622e-01
3.593333333333332824e-01
3.575555555555555154e-01
3.553333333333332789e-01
3.515555555555555101e-01
3.495555555555555083e-01
3.479999999999999760e-01
3.466666666666666785e-01
3.462222222222222090e-01
3.459999999999999742e-01
3.439999999999999725e-01
3.424444444444444402e-01
3.419999999999999707e-01
3.413333333333333774e-01
3.382222222222222019e-01
3.362222222222222001e-01
3.351111111111111374e-01
3.326666666666666661e-01
3.317777777777777271e-01
3.293333333333333668e-01
3.271111111111111303e-01
3.264444444444444260e-01
3.242222222222221895e-01
3.228888888888888919e-01
3.204444444444444207e-01
3.195555555555555927e-01
3.175555555555555909e-01
3.164444444444444171e-01
3.144444444444444153e-01
3.128888888888888831e-01
3.113333333333333508e-01
3.102222222222221770e-01
3.084444444444444100e-01
3.073333333333333472e-01
3.057777777777778150e-01
3.053333333333333455e-01
3.040000000000000480e-01
3.026666666666666394e-01
3.020000000000000462e-01
3.002222222222221681e-01
2.993333333333333401e-01
2.971111111111111036e-01
2.968888888888888689e-01
2.960000000000000409e-01
2.944444444444443976e-01
2.937777777777778043e-01
2.928888888888888653e-01
2.913333333333333330e-01
2.902222222222222703e-01
2.891111111111110965e-01
2.873333333333333295e-01
2.866666666666666252e-01
2.860000000000000320e-01
2.851111111111110930e-01
2.844444444444444997e-01
2.844444444444444997e-01
2.828888888888888564e-01
2.822222222222222632e-01
2.815555555555555589e-01
2.813333333333333242e-01
2.797777777777777919e-01
2.784444444444444944e-01
2.775555555555555554e-01
2.777777777777777901e-01
2.771111111111110858e-01
2.760000000000000231e-01
2.757777777777777883e-01
2.760000000000000231e-01
2.748888888888888493e-01
2.744444444444444908e-01
2.740000000000000213e-01
2.726666666666666128e-01
2.720000000000000195e-01
2.715555555555555500e-01
2.706666666666667220e-01
2.702222222222222525e-01
2.693333333333333135e-01
2.688888888888888440e-01
2.682222222222222507e-01
2.671111111111110770e-01
2.662222222222222490e-01
2.657777777777777795e-01
2.660000000000000142e-01
2.653333333333333099e-01
2.635555555555555429e-01
2.628888888888888387e-01
2.624444444444444802e-01
2.615555555555555411e-01
2.613333333333333064e-01
2.600000000000000089e-01
2.582222222222222419e-01
2.573333333333333028e-01
2.557777777777777706e-01
2.551111111111110663e-01
2.540000000000000036e-01
2.528888888888889408e-01
2.522222222222222365e-01
2.515555555555555323e-01
2.504444444444444695e-01
2.506666666666667043e-01
2.497777777777777652e-01
2.486666666666667025e-01
2.477777777777777635e-01
2.475555555555555287e-01
2.459999999999999964e-01
2.455555555555555269e-01
2.448888888888889337e-01
2.437777777777777599e-01
2.422222222222222276e-01
2.413333333333332886e-01
2.411111111111111649e-01
2.408888888888889301e-01
2.408888888888889301e-01
2.406666666666666954e-01
2.393333333333332869e-01
2.388888888888889284e-01
2.375555555555555198e-01
2.359999999999999876e-01
2.353333333333332833e-01
2.346666666666666901e-01
2.344444444444444553e-01
2.339999999999999858e-01
2.328888888888889230e-01
2.315555555555555145e-01
2.313333333333332797e-01
2.297777777777777475e-01
2.295555555555555127e-01
2.282222222222222152e-01
2.279999999999999805e-01
2.266666666666666829e-01
2.255555555555555092e-01
2.248888888888889159e-01
2.239999999999999769e-01
2.233333333333333837e-01
2.226666666666666794e-01
2.217777777777777404e-01
2.213333333333333819e-01
2.202222222222222081e-01
2.184444444444444411e-01
2.182222222222222063e-01
2.177777777777777368e-01
2.166666666666666741e-01
2.157777777777777350e-01
2.155555555555555003e-01
2.151111111111111418e-01
2.135555555555556095e-01
2.133333333333333748e-01
2.124444444444444358e-01
2.122222222222222010e-01
2.122222222222222010e-01
2.124444444444444358e-01
2.119999999999999662e-01
2.119999999999999662e-01
2.119999999999999662e-01
2.115555555555556078e-01
2.113333333333333730e-01
2.111111111111111382e-01
2.106666666666666687e-01
2.104444444444444340e-01
2.102222222222221992e-01
2.097777777777777297e-01
2.091111111111111365e-01
2.086666666666666670e-01
2.084444444444444322e-01
2.079999999999999627e-01
2.073333333333333695e-01
2.075555555555556042e-01
2.066666666666666652e-01
2.062222222222221957e-01
2.059999999999999609e-01
2.062222222222221957e-01
2.053333333333333677e-01
2.048888888888888982e-01
2.046666666666666634e-01
2.044444444444444287e-01
2.044444444444444287e-01
2.039999999999999591e-01
2.031111111111111311e-01
2.031111111111111311e-01
2.028888888888888964e-01
2.028888888888888964e-01
2.024444444444444269e-01
2.024444444444444269e-01
2.022222222222221921e-01
2.019999999999999574e-01
2.017777777777777226e-01
2.017777777777777226e-01
2.011111111111111294e-01
2.004444444444444251e-01
1.999999999999999556e-01
1.997777777777778319e-01
1.995555555555555971e-01
1.993333333333333623e-01
1.991111111111111276e-01
1.988888888888888928e-01
1.988888888888888928e-01
1.982222222222221886e-01
1.977777777777778301e-01
1.971111111111111258e-01
1.968888888888888911e-01
1.968888888888888911e-01
1.968888888888888911e-01
1.962222222222221868e-01
1.962222222222221868e-01
1.959999999999999520e-01
1.957777777777778283e-01
1.953333333333333588e-01
1.953333333333333588e-01
1.951111111111111240e-01
1.948888888888888893e-01
1.939999999999999503e-01
1.933333333333333570e-01
1.933333333333333570e-01
1.931111111111111223e-01
1.928888888888888875e-01
1.922222222222221832e-01
1.917777777777778248e-01
1.915555555555555900e-01
1.915555555555555900e-01
1.915555555555555900e-01
1.913333333333333552e-01
1.904444444444444162e-01
1.902222222222221815e-01
1.897777777777778230e-01
1.895555555555555882e-01
1.891111111111111187e-01
1.886666666666666492e-01
1.879999999999999449e-01
1.875555555555555864e-01
1.871111111111111169e-01
1.868888888888888822e-01
1.862222222222221779e-01
1.862222222222221779e-01
1.855555555555555847e-01
1.855555555555555847e-01
1.840000000000000524e-01
1.837777777777778176e-01
1.835555555555555829e-01
1.828888888888888786e-01
1.826666666666666439e-01
1.826666666666666439e-01
1.826666666666666439e-01
1.820000000000000506e-01
1.820000000000000506e-01
1.820000000000000506e-01
1.820000000000000506e-01
1.820000000000000506e-01
1.820000000000000506e-01
1.815555555555555811e-01
1.813333333333333464e-01
1.808888888888888768e-01
1.804444444444444073e-01
1.804444444444444073e-01
1.802222222222221726e-01
1.795555555555555793e-01
1.791111111111111098e-01
1.788888888888888751e-01
1.788888888888888751e-01
1.782222222222221708e-01
1.780000000000000471e-01
1.780000000000000471e-01
1.775555555555555776e-01
1.773333333333333428e-01
1.768888888888888733e-01
1.768888888888888733e-01
1.771111111111111081e-01
1.768888888888888733e-01
1.760000000000000453e-01
1.757777777777778105e-01
1.755555555555555758e-01
1.757777777777778105e-01
1.760000000000000453e-01
1.760000000000000453e-01
1.757777777777778105e-01
1.753333333333333410e-01
1.748888888888888715e-01
1.746666666666666368e-01
1.744444444444444020e-01
1.746666666666666368e-01
1.746666666666666368e-01
1.742222222222221673e-01
1.740000000000000435e-01
1.731111111111111045e-01
1.724444444444444002e-01
1.724444444444444002e-01
1.722222222222222765e-01
1.720000000000000417e-01
1.722222222222222765e-01
1.720000000000000417e-01
1.715555555555555722e-01
1.715555555555555722e-01
1.715555555555555722e-01
1.713333333333333375e-01
1.713333333333333375e-01
1.711111111111111027e-01
1.704444444444443985e-01
1.702222222222222747e-01
1.697777777777778052e-01
1.695555555555555705e-01
1.693333333333333357e-01
1.691111111111111009e-01
1.688888888888888662e-01
1.684444444444443967e-01
1.682222222222222729e-01
1.680000000000000382e-01
1.673333333333333339e-01
1.673333333333333339e-01
1.666666666666666297e-01
1.664444444444443949e-01
1.660000000000000364e-01
1.655555555555555669e-01
1.653333333333333321e-01
1.651111111111110974e-01
1.651111111111110974e-01
1.651111111111110974e-01
1.653333333333333321e-01
1.646666666666666279e-01
1.646666666666666279e-01
1.640000000000000346e-01
1.637777777777777999e-01
1.635555555555555651e-01
1.633333333333333304e-01
1.631111111111110956e-01
1.626666666666666261e-01
1.624444444444443914e-01
1.626666666666666261e-01
1.622222222222222676e-01
1.620000000000000329e-01
1.615555555555555634e-01
1.611111111111110938e-01
1.611111111111110938e-01
1.608888888888888591e-01
1.608888888888888591e-01
1.606666666666666243e-01
1.600000000000000311e-01
1.600000000000000311e-01
1.597777777777777963e-01
1.591111111111110921e-01
1.591111111111110921e-01
1.591111111111110921e-01
1.588888888888888573e-01
1.586666666666666226e-01
1.584444444444444988e-01
1.582222222222222641e-01
1.582222222222222641e-01
1.584444444444444988e-01
1.582222222222222641e-01
1.582222222222222641e-01
1.582222222222222641e-01
1.582222222222222641e-01
1.584444444444444988e-01
1.580000000000000293e-01
1.580000000000000293e-01
1.580000000000000293e-01
1.573333333333333250e-01
1.568888888888888555e-01
1.562222222222222623e-01
1.557777777777777928e-01
1.557777777777777928e-01
1.557777777777777928e-01
1.555555555555555580e-01
1.553333333333333233e-01
1.551111111111110885e-01
1.551111111111110885e-01
1.548888888888888538e-01
1.548888888888888538e-01
1.548888888888888538e-01
1.546666666666666190e-01
1.546666666666666190e-01
1.544444444444444953e-01
1.544444444444444953e-01
1.537777777777777910e-01
1.535555555555555562e-01
