8.473333333333332718e-01
8.280000000000000693e-01
8.313333333333333686e-01
8.260000000000000675e-01
8.193333333333333579e-01
8.153333333333333544e-01
8.133333333333333526e-01
8.073333333333333472e-01
8.000000000000000444e-01
7.913333333333333330e-01
7.860000000000000320e-01
7.793333333333333224e-01
7.753333333333333188e-01
7.666666666666666075e-01
7.626666666666666039e-01
7.566666666666665986e-01
7.513333333333332975e-01
7.459999999999999964e-01
7.399999999999999911e-01
7.293333333333333890e-01
7.239999999999999769e-01
7.186666666666666758e-01
7.113333333333333730e-01
7.079999999999999627e-01
7.033333333333333659e-01
6.939999999999999503e-01
6.893333333333333535e-01
6.826666666666666439e-01
6.779999999999999361e-01
6.719999999999999307e-01
6.666666666666667407e-01
6.506666666666667265e-01
6.426666666666667194e-01
6.386666666666667158e-01
6.333333333333333037e-01
6.273333333333332984e-01
6.186666666666666980e-01
6.106666666666666909e-01
6.033333333333332771e-01
5.973333333333332718e-01
5.893333333333332646e-01
5.840000000000000746e-01
5.800000000000000711e-01
5.753333333333332522e-01
5.666666666666666519e-01
5.586666666666666448e-01
5.500000000000000444e-01
5.406666666666666288e-01
5.326666666666666217e-01
5.246666666666666146e-01
5.193333333333333135e-01
5.140000000000000124e-01
5.100000000000000089e-01
5.026666666666665950e-01
4.933333333333332904e-01
4.859999999999999876e-01
4.813333333333332797e-01
4.766666666666666829e-01
4.706666666666666776e-01
4.633333333333333748e-01
4.579999999999999627e-01
4.559999999999999609e-01
4.506666666666666599e-01
4.459999999999999520e-01
4.426666666666666528e-01
4.346666666666666456e-01
4.326666666666666439e-01
4.300000000000000488e-01
4.233333333333333393e-01
4.173333333333333339e-01
4.133333333333333304e-01
4.106666666666666243e-01
4.046666666666666190e-01
4.020000000000000240e-01
3.980000000000000204e-01
3.940000000000000169e-01
3.920000000000000151e-01
3.866666666666667140e-01
3.800000000000000044e-01
3.719999999999999973e-01
3.699999999999999956e-01
3.673333333333332895e-01
3.659999999999999920e-01
3.626666666666666927e-01
3.566666666666666874e-01
3.553333333333332789e-01
3.539999999999999813e-01
3.493333333333333846e-01
3.459999999999999742e-01
3.446666666666666767e-01
3.426666666666666750e-01
3.419999999999999707e-01
3.379999999999999671e-01
3.346666666666666679e-01
3.339999999999999636e-01
3.339999999999999636e-01
3.286666666666666625e-01
3.246666666666666590e-01
3.219999999999999529e-01
3.186666666666666536e-01
3.153333333333333544e-01
3.113333333333333508e-01
3.086666666666666448e-01
3.080000000000000515e-01
3.060000000000000497e-01
3.033333333333333437e-01
3.013333333333333419e-01
2.966666666666666341e-01
2.926666666666666305e-01
2.920000000000000373e-01
2.926666666666666305e-01
2.893333333333333313e-01
2.880000000000000338e-01
2.873333333333333295e-01
2.846666666666666234e-01
2.820000000000000284e-01
2.813333333333333242e-01
2.806666666666666199e-01
2.806666666666666199e-01
2.800000000000000266e-01
2.773333333333333206e-01
2.766666666666666163e-01
2.733333333333333171e-01
2.720000000000000195e-01
2.706666666666667220e-01
2.693333333333333135e-01
2.686666666666667203e-01
2.673333333333333117e-01
2.646666666666667167e-01
2.633333333333333082e-01
2.620000000000000107e-01
2.580000000000000071e-01
2.580000000000000071e-01
2.586666666666667114e-01
2.586666666666667114e-01
2.573333333333333028e-01
2.580000000000000071e-01
2.573333333333333028e-01
2.566666666666667096e-01
2.546666666666667078e-01
2.533333333333332993e-01
2.526666666666667060e-01
2.513333333333332975e-01
2.493333333333332957e-01
2.479999999999999982e-01
2.479999999999999982e-01
2.473333333333332940e-01
2.459999999999999964e-01
2.466666666666667007e-01
2.433333333333332904e-01
2.433333333333332904e-01
2.413333333333332886e-01
2.399999999999999911e-01
2.406666666666666954e-01
2.373333333333332851e-01
2.353333333333332833e-01
2.339999999999999858e-01
2.299999999999999822e-01
2.286666666666666847e-01
2.279999999999999805e-01
2.273333333333333872e-01
2.273333333333333872e-01
2.259999999999999787e-01
2.239999999999999769e-01
2.233333333333333837e-01
2.226666666666666794e-01
2.219999999999999751e-01
2.219999999999999751e-01
2.213333333333333819e-01
2.199999999999999734e-01
2.199999999999999734e-01
2.193333333333333801e-01
2.179999999999999716e-01
2.166666666666666741e-01
2.153333333333333766e-01
2.139999999999999680e-01
2.146666666666666723e-01
2.133333333333333748e-01
2.133333333333333748e-01
2.133333333333333748e-01
2.133333333333333748e-01
2.133333333333333748e-01
2.106666666666666687e-01
2.086666666666666670e-01
2.079999999999999627e-01
2.066666666666666652e-01
2.059999999999999609e-01
2.033333333333333659e-01
2.039999999999999591e-01
2.039999999999999591e-01
2.006666666666666599e-01
2.006666666666666599e-01
2.006666666666666599e-01
1.999999999999999556e-01
1.993333333333333623e-01
1.986666666666666581e-01
1.973333333333333606e-01
1.973333333333333606e-01
1.953333333333333588e-01
1.939999999999999503e-01
1.939999999999999503e-01
1.939999999999999503e-01
1.939999999999999503e-01
1.939999999999999503e-01
1.933333333333333570e-01
1.939999999999999503e-01
1.939999999999999503e-01
1.933333333333333570e-01
1.913333333333333552e-01
1.913333333333333552e-01
1.913333333333333552e-01
1.913333333333333552e-01
1.899999999999999467e-01
1.893333333333333535e-01
1.879999999999999449e-01
1.866666666666666474e-01
1.860000000000000542e-01
1.846666666666666456e-01
1.846666666666666456e-01
1.846666666666666456e-01
1.846666666666666456e-01
1.840000000000000524e-01
1.833333333333333481e-01
1.826666666666666439e-01
1.826666666666666439e-01
1.820000000000000506e-01
1.806666666666666421e-01
1.806666666666666421e-01
1.806666666666666421e-01
1.806666666666666421e-01
1.800000000000000488e-01
1.786666666666666403e-01
1.786666666666666403e-01
1.780000000000000471e-01
1.780000000000000471e-01
1.773333333333333428e-01
1.766666666666666385e-01
1.766666666666666385e-01
1.766666666666666385e-01
1.766666666666666385e-01
1.766666666666666385e-01
1.760000000000000453e-01
1.766666666666666385e-01
1.760000000000000453e-01
1.760000000000000453e-01
1.760000000000000453e-01
1.760000000000000453e-01
1.760000000000000453e-01
1.766666666666666385e-01
1.760000000000000453e-01
1.760000000000000453e-01
1.753333333333333410e-01
1.753333333333333410e-01
1.746666666666666368e-01
1.740000000000000435e-01
1.740000000000000435e-01
1.740000000000000435e-01
1.740000000000000435e-01
1.740000000000000435e-01
1.733333333333333393e-01
1.720000000000000417e-01
1.720000000000000417e-01
1.720000000000000417e-01
1.720000000000000417e-01
1.713333333333333375e-01
1.713333333333333375e-01
1.713333333333333375e-01
1.706666666666666332e-01
1.706666666666666332e-01
1.700000000000000400e-01
1.700000000000000400e-01
1.693333333333333357e-01
1.686666666666666314e-01
1.680000000000000382e-01
1.680000000000000382e-01
1.673333333333333339e-01
1.666666666666666297e-01
1.666666666666666297e-01
1.666666666666666297e-01
1.666666666666666297e-01
1.666666666666666297e-01
1.666666666666666297e-01
1.666666666666666297e-01
1.666666666666666297e-01
1.660000000000000364e-01
1.646666666666666279e-01
1.646666666666666279e-01
1.640000000000000346e-01
1.640000000000000346e-01
1.640000000000000346e-01
1.633333333333333304e-01
1.626666666666666261e-01
1.626666666666666261e-01
1.620000000000000329e-01
1.606666666666666243e-01
1.600000000000000311e-01
1.600000000000000311e-01
1.593333333333333268e-01
1.593333333333333268e-01
1.586666666666666226e-01
1.586666666666666226e-01
1.586666666666666226e-01
1.586666666666666226e-01
1.573333333333333250e-01
1.573333333333333250e-01
1.573333333333333250e-01
1.560000000000000275e-01
1.560000000000000275e-01
1.560000000000000275e-01
1.560000000000000275e-01
1.560000000000000275e-01
1.546666666666666190e-01
1.546666666666666190e-01
1.546666666666666190e-01
1.540000000000000258e-01
1.533333333333333215e-01
1.533333333333333215e-01
1.533333333333333215e-01
1.526666666666666172e-01
1.526666666666666172e-01
1.526666666666666172e-01
1.526666666666666172e-01
1.520000000000000240e-01
1.513333333333333197e-01
1.513333333333333197e-01
1.520000000000000240e-01
1.513333333333333197e-01
1.513333333333333197e-01
1.506666666666666154e-01
1.506666666666666154e-01
1.500000000000000222e-01
1.500000000000000222e-01
1.493333333333333179e-01
1.493333333333333179e-01
1.486666666666666137e-01
1.466666666666666119e-01
1.473333333333333162e-01
1.466666666666666119e-01
1.466666666666666119e-01
1.460000000000000187e-01
1.460000000000000187e-01
1.460000000000000187e-01
1.460000000000000187e-01
1.460000000000000187e-01
1.460000000000000187e-01
1.460000000000000187e-01
1.460000000000000187e-01
1.460000000000000187e-01
1.453333333333333144e-01
1.446666666666667211e-01
1.446666666666667211e-01
1.446666666666667211e-01
1.453333333333333144e-01
1.453333333333333144e-01
1.446666666666667211e-01
1.440000000000000169e-01
1.433333333333333126e-01
1.433333333333333126e-01
1.433333333333333126e-01
1.433333333333333126e-01
1.433333333333333126e-01
1.433333333333333126e-01
1.433333333333333126e-01
1.433333333333333126e-01
1.426666666666667194e-01
1.420000000000000151e-01
1.413333333333333108e-01
1.413333333333333108e-01
1.413333333333333108e-01
1.420000000000000151e-01
1.413333333333333108e-01
1.413333333333333108e-01
1.413333333333333108e-01
1.406666666666667176e-01
1.400000000000000133e-01
1.400000000000000133e-01
1.400000000000000133e-01
1.400000000000000133e-01
1.400000000000000133e-01
1.393333333333333091e-01
1.386666666666667158e-01
1.386666666666667158e-01
1.386666666666667158e-01
1.386666666666667158e-01
1.386666666666667158e-01
1.386666666666667158e-01
1.386666666666667158e-01
1.386666666666667158e-01
1.386666666666667158e-01
1.386666666666667158e-01
1.386666666666667158e-01
1.386666666666667158e-01
1.386666666666667158e-01
1.386666666666667158e-01
1.373333333333333073e-01
1.373333333333333073e-01
1.373333333333333073e-01
1.360000000000000098e-01
1.360000000000000098e-01
1.353333333333333055e-01
1.353333333333333055e-01
1.353333333333333055e-01
1.353333333333333055e-01
1.346666666666667123e-01
1.346666666666667123e-01
1.346666666666667123e-01
1.340000000000000080e-01
1.333333333333333037e-01
1.333333333333333037e-01
1.326666666666667105e-01
1.326666666666667105e-01
1.320000000000000062e-01
1.320000000000000062e-01
1.320000000000000062e-01
1.320000000000000062e-01
1.320000000000000062e-01
1.320000000000000062e-01
1.300000000000000044e-01
1.293333333333333002e-01
1.286666666666667069e-01
1.286666666666667069e-01
1.280000000000000027e-01
1.280000000000000027e-01
1.280000000000000027e-01
1.273333333333332984e-01
1.273333333333332984e-01
1.273333333333332984e-01
1.273333333333332984e-01
1.273333333333332984e-01
1.273333333333332984e-01
1.266666666666667052e-01
1.253333333333332966e-01
1.246666666666667034e-01
1.246666666666667034e-01
1.246666666666667034e-01
1.246666666666667034e-01
1.246666666666667034e-01
1.239999999999999991e-01
1.233333333333332948e-01
1.239999999999999991e-01
1.233333333333332948e-01
1.239999999999999991e-01
1.239999999999999991e-01
1.233333333333332948e-01
1.233333333333332948e-01
1.233333333333332948e-01
1.233333333333332948e-01
1.233333333333332948e-01
1.233333333333332948e-01
1.226666666666667016e-01
1.226666666666667016e-01
1.226666666666667016e-01
1.226666666666667016e-01
1.219999999999999973e-01
1.226666666666667016e-01
1.213333333333332931e-01
1.206666666666666998e-01
1.199999999999999956e-01
1.199999999999999956e-01
1.193333333333332913e-01
1.186666666666666980e-01
1.186666666666666980e-01
1.186666666666666980e-01
1.186666666666666980e-01
1.186666666666666980e-01
1.186666666666666980e-01
1.186666666666666980e-01
1.186666666666666980e-01
1.186666666666666980e-01
1.186666666666666980e-01
1.179999999999999938e-01
1.186666666666666980e-01
1.179999999999999938e-01
1.179999999999999938e-01
1.173333333333332895e-01
1.166666666666666963e-01
1.166666666666666963e-01
1.166666666666666963e-01
1.159999999999999920e-01
1.159999999999999920e-01
1.159999999999999920e-01
1.159999999999999920e-01
1.159999999999999920e-01
1.153333333333332877e-01
1.146666666666666945e-01
1.146666666666666945e-01
1.139999999999999902e-01
1.133333333333332860e-01
1.126666666666666927e-01
1.126666666666666927e-01
1.119999999999999885e-01
1.119999999999999885e-01
1.119999999999999885e-01
1.119999999999999885e-01
1.113333333333332842e-01
1.113333333333332842e-01
1.113333333333332842e-01
1.113333333333332842e-01
1.113333333333332842e-01
1.113333333333332842e-01
