8.975999999999999535e-01
8.811999999999999833e-01
8.584000000000000519e-01
8.479999999999999760e-01
8.319999999999999618e-01
8.240000000000000657e-01
8.104000000000000092e-01
7.940000000000000391e-01
7.843999999999999861e-01
7.691999999999999948e-01
7.603999999999999648e-01
7.523999999999999577e-01
7.428000000000000158e-01
7.359999999999999876e-01
7.288000000000000034e-01
7.236000000000000210e-01
7.139999999999999680e-01
7.079999999999999627e-01
7.027999999999999803e-01
6.947999999999999732e-01
6.919999999999999485e-01
6.864000000000000101e-01
6.795999999999999819e-01
6.764000000000000012e-01
6.723999999999999977e-01
6.655999999999999694e-01
6.608000000000000540e-01
6.535999999999999588e-01
6.480000000000000204e-01
6.428000000000000380e-01
6.391999999999999904e-01
6.360000000000000098e-01
6.344000000000000750e-01
6.308000000000000274e-01
6.255999999999999339e-01
6.228000000000000203e-01
6.175999999999999268e-01
6.115999999999999215e-01
6.075999999999999179e-01
6.016000000000000236e-01
5.944000000000000394e-01
5.900000000000000799e-01
5.880000000000000782e-01
5.831999999999999407e-01
5.776000000000000023e-01
5.720000000000000639e-01
5.687999999999999723e-01
5.627999999999999670e-01
5.571999999999999176e-01
5.527999999999999581e-01
5.495999999999999774e-01
5.452000000000000179e-01
5.423999999999999932e-01
5.392000000000000126e-01
5.360000000000000320e-01
5.340000000000000302e-01
5.287999999999999368e-01
5.260000000000000231e-01
5.231999999999999984e-01
5.200000000000000178e-01
5.167999999999999261e-01
5.127999999999999226e-01
5.091999999999999860e-01
5.063999999999999613e-01
5.031999999999999806e-01
4.971999999999999753e-01
4.916000000000000369e-01
4.896000000000000352e-01
4.879999999999999893e-01
4.844000000000000528e-01
4.811999999999999611e-01
4.788000000000000034e-01
4.739999999999999769e-01
4.684000000000000385e-01
4.607999999999999874e-01
4.556000000000000050e-01
4.524000000000000243e-01
4.479999999999999538e-01
4.452000000000000401e-01
4.427999999999999714e-01
4.372000000000000330e-01
4.327999999999999625e-01
4.295999999999999819e-01
4.255999999999999783e-01
4.235999999999999766e-01
4.187999999999999501e-01
4.140000000000000346e-01
4.112000000000000099e-01
4.055999999999999606e-01
4.040000000000000258e-01
4.015999999999999570e-01
3.963999999999999746e-01
3.955999999999999517e-01
3.935999999999999499e-01
3.928000000000000380e-01
3.915999999999999481e-01
3.880000000000000115e-01
3.856000000000000538e-01
3.820000000000000062e-01
3.788000000000000256e-01
3.780000000000000027e-01
3.756000000000000449e-01
3.743999999999999551e-01
3.719999999999999973e-01
3.716000000000000414e-01
3.679999999999999938e-01
3.668000000000000149e-01
3.671999999999999709e-01
3.723999999999999533e-01
3.763999999999999568e-01
3.820000000000000062e-01
4.003999999999999782e-01
4.003999999999999782e-01
4.163999999999999924e-01
3.975999999999999535e-01
4.083999999999999853e-01
3.971999999999999975e-01
4.132000000000000117e-01
3.940000000000000169e-01
4.052000000000000046e-01
3.943999999999999728e-01
4.043999999999999817e-01
3.940000000000000169e-01
4.015999999999999570e-01
3.928000000000000380e-01
3.995999999999999552e-01
3.903999999999999693e-01
3.951999999999999957e-01
3.895999999999999464e-01
3.931999999999999940e-01
3.880000000000000115e-01
3.900000000000000133e-01
3.851999999999999869e-01
3.851999999999999869e-01
3.836000000000000520e-01
3.820000000000000062e-01
3.828000000000000291e-01
3.796000000000000485e-01
3.796000000000000485e-01
3.783999999999999586e-01
3.776000000000000467e-01
3.760000000000000009e-01
3.763999999999999568e-01
3.723999999999999533e-01
3.731999999999999762e-01
3.696000000000000396e-01
3.703999999999999515e-01
3.668000000000000149e-01
3.679999999999999938e-01
3.651999999999999691e-01
3.676000000000000378e-01
3.651999999999999691e-01
3.659999999999999920e-01
3.636000000000000343e-01
3.648000000000000131e-01
3.628000000000000114e-01
3.619999999999999885e-01
3.599999999999999867e-01
3.616000000000000325e-01
3.584000000000000519e-01
3.599999999999999867e-01
3.568000000000000060e-01
3.584000000000000519e-01
3.539999999999999813e-01
3.564000000000000501e-01
3.528000000000000025e-01
3.551999999999999602e-01
3.516000000000000236e-01
3.551999999999999602e-01
3.511999999999999567e-01
3.516000000000000236e-01
3.499999999999999778e-01
3.499999999999999778e-01
3.479999999999999760e-01
3.484000000000000430e-01
3.459999999999999742e-01
3.464000000000000412e-01
3.436000000000000165e-01
3.456000000000000183e-01
3.431999999999999496e-01
3.419999999999999707e-01
3.416000000000000147e-01
3.404000000000000359e-01
3.404000000000000359e-01
3.387999999999999901e-01
3.391999999999999460e-01
3.376000000000000112e-01
3.384000000000000341e-01
3.372000000000000552e-01
3.367999999999999883e-01
3.364000000000000323e-01
3.344000000000000306e-01
3.364000000000000323e-01
3.324000000000000288e-01
3.332000000000000517e-01
3.316000000000000059e-01
3.319999999999999618e-01
3.292000000000000481e-01
3.307999999999999829e-01
3.284000000000000252e-01
3.307999999999999829e-01
3.272000000000000464e-01
3.299999999999999600e-01
3.267999999999999794e-01
3.284000000000000252e-01
3.252000000000000446e-01
3.259999999999999565e-01
3.244000000000000217e-01
3.244000000000000217e-01
3.232000000000000428e-01
3.239999999999999547e-01
3.192000000000000393e-01
3.235999999999999988e-01
3.175999999999999934e-01
3.212000000000000410e-01
3.172000000000000375e-01
3.192000000000000393e-01
3.164000000000000146e-01
3.179999999999999494e-01
3.132000000000000339e-01
3.167999999999999705e-01
3.127999999999999670e-01
3.155999999999999917e-01
3.107999999999999652e-01
3.144000000000000128e-01
3.087999999999999634e-01
3.127999999999999670e-01
3.075999999999999845e-01
3.104000000000000092e-01
3.060000000000000497e-01
3.104000000000000092e-01
3.055999999999999828e-01
3.087999999999999634e-01
3.047999999999999599e-01
3.084000000000000075e-01
3.035999999999999810e-01
3.072000000000000286e-01
3.027999999999999581e-01
3.072000000000000286e-01
3.027999999999999581e-01
3.067999999999999616e-01
3.024000000000000021e-01
3.064000000000000057e-01
3.007999999999999563e-01
3.060000000000000497e-01
3.000000000000000444e-01
3.032000000000000250e-01
2.995999999999999774e-01
3.020000000000000462e-01
2.992000000000000215e-01
3.012000000000000233e-01
2.983999999999999986e-01
2.972000000000000197e-01
2.975999999999999757e-01
2.967999999999999527e-01
2.975999999999999757e-01
2.967999999999999527e-01
2.960000000000000409e-01
2.960000000000000409e-01
2.952000000000000179e-01
2.935999999999999721e-01
2.943999999999999950e-01
2.923999999999999932e-01
2.940000000000000391e-01
2.912000000000000144e-01
2.923999999999999932e-01
2.903999999999999915e-01
2.915999999999999703e-01
2.895999999999999686e-01
2.900000000000000355e-01
2.880000000000000338e-01
2.887999999999999456e-01
2.875999999999999668e-01
2.887999999999999456e-01
2.868000000000000549e-01
2.875999999999999668e-01
2.863999999999999879e-01
2.860000000000000320e-01
2.855999999999999650e-01
2.852000000000000091e-01
2.840000000000000302e-01
2.840000000000000302e-01
2.815999999999999615e-01
2.828000000000000513e-01
2.808000000000000496e-01
2.820000000000000284e-01
2.803999999999999826e-01
2.812000000000000055e-01
2.795999999999999597e-01
2.808000000000000496e-01
2.788000000000000478e-01
2.803999999999999826e-01
2.772000000000000020e-01
2.788000000000000478e-01
2.760000000000000231e-01
2.780000000000000249e-01
2.752000000000000002e-01
2.780000000000000249e-01
2.735999999999999543e-01
2.775999999999999579e-01
2.728000000000000425e-01
2.772000000000000020e-01
2.711999999999999966e-01
2.768000000000000460e-01
2.703999999999999737e-01
2.763999999999999790e-01
2.703999999999999737e-01
2.768000000000000460e-01
2.691999999999999948e-01
2.763999999999999790e-01
2.668000000000000371e-01
2.755999999999999561e-01
2.643999999999999684e-01
2.748000000000000442e-01
2.635999999999999455e-01
2.743999999999999773e-01
2.640000000000000124e-01
2.740000000000000213e-01
2.631999999999999895e-01
2.731999999999999984e-01
2.620000000000000107e-01
2.715999999999999526e-01
2.616000000000000547e-01
2.695999999999999508e-01
2.608000000000000318e-01
2.683999999999999719e-01
2.591999999999999860e-01
2.671999999999999931e-01
2.583999999999999631e-01
2.660000000000000142e-01
2.576000000000000512e-01
2.648000000000000353e-01
2.571999999999999842e-01
2.640000000000000124e-01
2.563999999999999613e-01
2.635999999999999455e-01
2.560000000000000053e-01
2.620000000000000107e-01
2.543999999999999595e-01
2.603999999999999648e-01
2.543999999999999595e-01
2.596000000000000529e-01
2.536000000000000476e-01
2.591999999999999860e-01
2.528000000000000247e-01
2.576000000000000512e-01
2.523999999999999577e-01
2.576000000000000512e-01
2.523999999999999577e-01
2.576000000000000512e-01
2.511999999999999789e-01
2.576000000000000512e-01
2.511999999999999789e-01
2.571999999999999842e-01
2.508000000000000229e-01
2.563999999999999613e-01
2.496000000000000441e-01
2.556000000000000494e-01
2.488000000000000211e-01
2.548000000000000265e-01
2.488000000000000211e-01
2.548000000000000265e-01
2.479999999999999982e-01
2.548000000000000265e-01
2.471999999999999753e-01
2.548000000000000265e-01
2.463999999999999524e-01
2.536000000000000476e-01
2.463999999999999524e-01
2.528000000000000247e-01
2.456000000000000405e-01
2.523999999999999577e-01
2.451999999999999735e-01
2.528000000000000247e-01
2.443999999999999506e-01
2.523999999999999577e-01
2.436000000000000387e-01
2.503999999999999559e-01
2.431999999999999718e-01
2.496000000000000441e-01
2.423999999999999488e-01
2.488000000000000211e-01
2.416000000000000369e-01
2.476000000000000423e-01
2.419999999999999929e-01
2.471999999999999753e-01
2.396000000000000352e-01
2.471999999999999753e-01
2.379999999999999893e-01
2.463999999999999524e-01
2.364000000000000545e-01
2.451999999999999735e-01
2.364000000000000545e-01
2.448000000000000176e-01
2.344000000000000528e-01
2.448000000000000176e-01
2.336000000000000298e-01
2.431999999999999718e-01
2.348000000000000087e-01
2.423999999999999488e-01
2.344000000000000528e-01
2.423999999999999488e-01
2.331999999999999629e-01
2.416000000000000369e-01
2.331999999999999629e-01
2.419999999999999929e-01
2.328000000000000069e-01
2.411999999999999700e-01
2.331999999999999629e-01
2.408000000000000140e-01
2.339999999999999858e-01
2.411999999999999700e-01
2.344000000000000528e-01
2.416000000000000369e-01
2.331999999999999629e-01
2.411999999999999700e-01
2.328000000000000069e-01
2.408000000000000140e-01
2.336000000000000298e-01
2.403999999999999471e-01
2.331999999999999629e-01
2.371999999999999664e-01
2.331999999999999629e-01
2.359999999999999876e-01
2.328000000000000069e-01
2.356000000000000316e-01
2.319999999999999840e-01
2.356000000000000316e-01
2.304000000000000492e-01
2.348000000000000087e-01
2.291999999999999593e-01
2.336000000000000298e-01
2.288000000000000034e-01
2.319999999999999840e-01
2.279999999999999805e-01
2.319999999999999840e-01
2.271999999999999575e-01
2.319999999999999840e-01
2.259999999999999787e-01
2.319999999999999840e-01
2.256000000000000227e-01
2.304000000000000492e-01
2.244000000000000439e-01
2.279999999999999805e-01
2.239999999999999769e-01
2.271999999999999575e-01
2.236000000000000210e-01
2.271999999999999575e-01
2.231999999999999540e-01
2.268000000000000016e-01
2.219999999999999751e-01
2.268000000000000016e-01
2.219999999999999751e-01
2.251999999999999558e-01
2.207999999999999963e-01
2.247999999999999998e-01
2.196000000000000174e-01
2.231999999999999540e-01
2.184000000000000385e-01
2.224000000000000421e-01
2.176000000000000156e-01
2.227999999999999980e-01
2.167999999999999927e-01
2.216000000000000192e-01
2.167999999999999927e-01
2.216000000000000192e-01
2.164000000000000368e-01
2.207999999999999963e-01
2.159999999999999698e-01
2.207999999999999963e-01
2.156000000000000139e-01
2.196000000000000174e-01
2.156000000000000139e-01
2.187999999999999945e-01
2.147999999999999909e-01
2.171999999999999487e-01
2.136000000000000121e-01
2.176000000000000156e-01
2.136000000000000121e-01
2.176000000000000156e-01
2.136000000000000121e-01
2.167999999999999927e-01
2.119999999999999662e-01
2.144000000000000350e-01
2.119999999999999662e-01
2.136000000000000121e-01
2.107999999999999874e-01
2.139999999999999680e-01
2.099999999999999645e-01
2.124000000000000332e-01
2.096000000000000085e-01
2.112000000000000544e-01
2.076000000000000068e-01
2.107999999999999874e-01
2.064000000000000279e-01
2.092000000000000526e-01
2.072000000000000508e-01
2.087999999999999856e-01
2.064000000000000279e-01
2.087999999999999856e-01
