8.923999999999999710e-01
8.815999999999999392e-01
8.731999999999999762e-01
8.619999999999999885e-01
8.459999999999999742e-01
8.284000000000000252e-01
8.200000000000000622e-01
8.092000000000000304e-01
7.855999999999999650e-01
7.815999999999999615e-01
7.640000000000000124e-01
7.590000000000000080e-01
7.550000000000000044e-01
7.518000000000000238e-01
7.479999999999999982e-01
7.436000000000000387e-01
7.443999999999999506e-01
7.403999999999999471e-01
7.394000000000000572e-01
7.369999999999999885e-01
7.356000000000000316e-01
7.365999999999999215e-01
7.348000000000000087e-01
7.325999999999999179e-01
7.321999999999999620e-01
7.306000000000000272e-01
7.276000000000000245e-01
7.254000000000000448e-01
7.121999999999999442e-01
7.081999999999999407e-01
7.026000000000000023e-01
6.954000000000000181e-01
6.892000000000000348e-01
6.859999999999999432e-01
6.825999999999999845e-01
6.777999999999999581e-01
6.770000000000000462e-01
6.719999999999999307e-01
6.690000000000000391e-01
6.646000000000000796e-01
6.603999999999999870e-01
6.563999999999999835e-01
6.522000000000000020e-01
6.490000000000000213e-01
6.457999999999999297e-01
6.441999999999999948e-01
6.411999999999999922e-01
6.391999999999999904e-01
6.364000000000000767e-01
6.348000000000000309e-01
6.321999999999999842e-01
6.293999999999999595e-01
6.268000000000000238e-01
6.241999999999999771e-01
6.224000000000000643e-01
6.201999999999999735e-01
6.164000000000000590e-01
6.149999999999999911e-01
6.135999999999999233e-01
6.119999999999999885e-01
6.086000000000000298e-01
6.079999999999999849e-01
6.066000000000000281e-01
6.051999999999999602e-01
6.039999999999999813e-01
6.011999999999999567e-01
6.002000000000000668e-01
5.973999999999999311e-01
5.959999999999999742e-01
5.939999999999999725e-01
5.927999999999999936e-01
5.909999999999999698e-01
5.887999999999999901e-01
5.882000000000000561e-01
5.867999999999999883e-01
5.847999999999999865e-01
5.829999999999999627e-01
5.820000000000000728e-01
5.802000000000000490e-01
5.791999999999999371e-01
5.777999999999999803e-01
5.767999999999999794e-01
5.747999999999999776e-01
5.735999999999999988e-01
5.724000000000000199e-01
5.715999999999999970e-01
5.697999999999999732e-01
5.687999999999999723e-01
5.665999999999999925e-01
5.660000000000000586e-01
5.645999999999999908e-01
5.620000000000000551e-01
5.602000000000000313e-01
5.571999999999999176e-01
5.554000000000000048e-01
5.532000000000000250e-01
5.505999999999999783e-01
5.498000000000000664e-01
5.473999999999999977e-01
5.449999999999999289e-01
5.427999999999999492e-01
5.403999999999999915e-01
5.389999999999999236e-01
5.362000000000000099e-01
5.345999999999999641e-01
5.312000000000000055e-01
5.278000000000000469e-01
5.263999999999999790e-01
5.252000000000000002e-01
5.236000000000000654e-01
5.216000000000000636e-01
5.185999999999999499e-01
5.151999999999999913e-01
5.134000000000000785e-01
5.114000000000000767e-01
5.091999999999999860e-01
5.076000000000000512e-01
5.063999999999999613e-01
5.058000000000000274e-01
5.031999999999999806e-01
5.008000000000000229e-01
4.991999999999999771e-01
4.963999999999999524e-01
4.938000000000000167e-01
4.908000000000000140e-01
4.881999999999999673e-01
4.854000000000000536e-01
4.844000000000000528e-01
4.831999999999999629e-01
4.808000000000000052e-01
4.798000000000000043e-01
4.789999999999999813e-01
4.778000000000000025e-01
4.759999999999999787e-01
4.751999999999999558e-01
4.734000000000000430e-01
4.714000000000000412e-01
4.696000000000000174e-01
4.681999999999999496e-01
4.661999999999999478e-01
4.651999999999999469e-01
4.636000000000000121e-01
4.609999999999999654e-01
4.587999999999999856e-01
4.569999999999999618e-01
4.537999999999999812e-01
4.519999999999999574e-01
4.499999999999999556e-01
4.479999999999999538e-01
4.467999999999999750e-01
4.449999999999999512e-01
4.435999999999999943e-01
4.419999999999999485e-01
4.394000000000000128e-01
4.364000000000000101e-01
4.344000000000000083e-01
4.327999999999999625e-01
4.307999999999999607e-01
4.295999999999999819e-01
4.264000000000000012e-01
4.245999999999999774e-01
4.235999999999999766e-01
4.187999999999999501e-01
4.157999999999999474e-01
4.150000000000000355e-01
4.112000000000000099e-01
4.092000000000000082e-01
4.072000000000000064e-01
4.038000000000000478e-01
4.018000000000000460e-01
4.002000000000000002e-01
3.975999999999999535e-01
3.950000000000000178e-01
3.923999999999999710e-01
3.920000000000000151e-01
3.891999999999999904e-01
3.858000000000000318e-01
3.830000000000000071e-01
3.801999999999999824e-01
3.790000000000000036e-01
3.773999999999999577e-01
3.770000000000000018e-01
3.756000000000000449e-01
3.746000000000000441e-01
3.743999999999999551e-01
3.711999999999999744e-01
3.688000000000000167e-01
3.666000000000000369e-01
3.656000000000000361e-01
3.631999999999999673e-01
3.614000000000000545e-01
3.588000000000000078e-01
3.566000000000000281e-01
3.528000000000000025e-01
3.509999999999999787e-01
3.479999999999999760e-01
3.454000000000000403e-01
3.446000000000000174e-01
3.411999999999999478e-01
3.391999999999999460e-01
3.369999999999999662e-01
3.359999999999999654e-01
3.329999999999999627e-01
3.312000000000000499e-01
3.284000000000000252e-01
3.264000000000000234e-01
3.256000000000000005e-01
3.235999999999999988e-01
3.227999999999999758e-01
3.205999999999999961e-01
3.189999999999999503e-01
3.172000000000000375e-01
3.159999999999999476e-01
3.137999999999999678e-01
3.125999999999999890e-01
3.110000000000000542e-01
3.104000000000000092e-01
3.095999999999999863e-01
3.085999999999999854e-01
3.067999999999999616e-01
3.055999999999999828e-01
3.030000000000000471e-01
3.015999999999999792e-01
3.002000000000000224e-01
2.982000000000000206e-01
2.960000000000000409e-01
2.935999999999999721e-01
2.922000000000000153e-01
2.897999999999999465e-01
2.890000000000000346e-01
2.872000000000000108e-01
2.872000000000000108e-01
2.863999999999999879e-01
2.855999999999999650e-01
2.842000000000000082e-01
2.822000000000000064e-01
2.802000000000000046e-01
2.793999999999999817e-01
2.775999999999999579e-01
2.770000000000000240e-01
2.765999999999999570e-01
2.763999999999999790e-01
2.750000000000000222e-01
2.735999999999999543e-01
2.725999999999999535e-01
2.698000000000000398e-01
2.690000000000000169e-01
2.678000000000000380e-01
2.665999999999999481e-01
2.648000000000000353e-01
2.638000000000000345e-01
2.633999999999999675e-01
2.625999999999999446e-01
2.621999999999999886e-01
2.618000000000000327e-01
2.613999999999999657e-01
2.606000000000000538e-01
2.600000000000000089e-01
2.591999999999999860e-01
2.588000000000000300e-01
2.581999999999999851e-01
2.561999999999999833e-01
2.556000000000000494e-01
2.541999999999999815e-01
2.533999999999999586e-01
2.530000000000000027e-01
2.513999999999999568e-01
2.493999999999999551e-01
2.488000000000000211e-01
2.479999999999999982e-01
2.469999999999999973e-01
2.456000000000000405e-01
2.436000000000000387e-01
2.423999999999999488e-01
2.418000000000000149e-01
2.413999999999999480e-01
2.399999999999999911e-01
2.388000000000000123e-01
2.383999999999999453e-01
2.369999999999999885e-01
2.356000000000000316e-01
2.358000000000000096e-01
2.349999999999999867e-01
2.341999999999999638e-01
2.336000000000000298e-01
2.334000000000000519e-01
2.328000000000000069e-01
2.311999999999999611e-01
2.308000000000000052e-01
2.306000000000000272e-01
2.294000000000000483e-01
2.289999999999999813e-01
2.278000000000000025e-01
2.271999999999999575e-01
2.266000000000000236e-01
2.261999999999999567e-01
2.256000000000000227e-01
2.254000000000000448e-01
2.254000000000000448e-01
2.237999999999999989e-01
2.234000000000000430e-01
2.231999999999999540e-01
2.229999999999999760e-01
2.224000000000000421e-01
2.221999999999999531e-01
2.216000000000000192e-01
2.211999999999999522e-01
2.204000000000000403e-01
2.201999999999999513e-01
2.194000000000000394e-01
2.187999999999999945e-01
2.179999999999999716e-01
2.166000000000000147e-01
2.164000000000000368e-01
2.161999999999999478e-01
2.154000000000000359e-01
2.154000000000000359e-01
2.141999999999999460e-01
2.136000000000000121e-01
2.134000000000000341e-01
2.129999999999999671e-01
2.127999999999999892e-01
2.122000000000000552e-01
2.117999999999999883e-01
2.112000000000000544e-01
2.119999999999999662e-01
2.122000000000000552e-01
2.114000000000000323e-01
2.107999999999999874e-01
2.107999999999999874e-01
2.107999999999999874e-01
2.106000000000000094e-01
2.096000000000000085e-01
2.089999999999999636e-01
2.087999999999999856e-01
2.084000000000000297e-01
2.077999999999999847e-01
2.077999999999999847e-01
2.067999999999999838e-01
2.064000000000000279e-01
2.057999999999999829e-01
2.044000000000000261e-01
2.042000000000000481e-01
2.039999999999999591e-01
2.032000000000000473e-01
2.032000000000000473e-01
2.019999999999999574e-01
2.012000000000000455e-01
1.999999999999999556e-01
1.992000000000000437e-01
1.989999999999999547e-01
1.982000000000000428e-01
1.974000000000000199e-01
1.975999999999999979e-01
1.969999999999999529e-01
1.965999999999999970e-01
1.964000000000000190e-01
1.954000000000000181e-01
1.949999999999999512e-01
1.942000000000000393e-01
1.939999999999999503e-01
1.935999999999999943e-01
1.932000000000000384e-01
1.929999999999999494e-01
1.925999999999999934e-01
1.922000000000000375e-01
1.917999999999999705e-01
1.914000000000000146e-01
1.914000000000000146e-01
1.909999999999999476e-01
1.907999999999999696e-01
1.904000000000000137e-01
1.897999999999999687e-01
1.897999999999999687e-01
1.894000000000000128e-01
1.894000000000000128e-01
1.892000000000000348e-01
1.889999999999999458e-01
1.885999999999999899e-01
1.877999999999999670e-01
1.877999999999999670e-01
1.877999999999999670e-01
1.877999999999999670e-01
1.874000000000000110e-01
1.867999999999999661e-01
1.854000000000000092e-01
1.847999999999999643e-01
1.847999999999999643e-01
1.842000000000000304e-01
1.834000000000000075e-01
1.834000000000000075e-01
1.830000000000000515e-01
1.827999999999999625e-01
1.822000000000000286e-01
1.820000000000000506e-01
1.817999999999999616e-01
1.815999999999999837e-01
1.812000000000000277e-01
1.812000000000000277e-01
1.812000000000000277e-01
1.810000000000000497e-01
1.805999999999999828e-01
1.804000000000000048e-01
1.802000000000000268e-01
1.797999999999999599e-01
1.790000000000000480e-01
1.790000000000000480e-01
1.785999999999999810e-01
1.780000000000000471e-01
1.774000000000000021e-01
1.770000000000000462e-01
1.767999999999999572e-01
1.764000000000000012e-01
1.764000000000000012e-01
1.764000000000000012e-01
1.762000000000000233e-01
1.757999999999999563e-01
1.754000000000000004e-01
1.752000000000000224e-01
1.750000000000000444e-01
1.747999999999999554e-01
1.743999999999999995e-01
1.745999999999999774e-01
1.743999999999999995e-01
1.743999999999999995e-01
1.742000000000000215e-01
1.737999999999999545e-01
1.737999999999999545e-01
1.733999999999999986e-01
1.732000000000000206e-01
1.725999999999999757e-01
1.725999999999999757e-01
1.723999999999999977e-01
1.717999999999999527e-01
1.715999999999999748e-01
1.713999999999999968e-01
1.712000000000000188e-01
1.712000000000000188e-01
1.705999999999999739e-01
1.705999999999999739e-01
1.703999999999999959e-01
1.702000000000000179e-01
1.697999999999999510e-01
1.695999999999999730e-01
1.695999999999999730e-01
1.697999999999999510e-01
1.695999999999999730e-01
1.695999999999999730e-01
1.692000000000000171e-01
1.692000000000000171e-01
1.690000000000000391e-01
1.690000000000000391e-01
1.687999999999999501e-01
1.685999999999999721e-01
1.682000000000000162e-01
1.682000000000000162e-01
1.675999999999999712e-01
1.673999999999999932e-01
1.672000000000000153e-01
1.670000000000000373e-01
1.665999999999999703e-01
1.663999999999999924e-01
1.662000000000000144e-01
1.657999999999999474e-01
1.655999999999999694e-01
1.653999999999999915e-01
1.653999999999999915e-01
1.653999999999999915e-01
1.652000000000000135e-01
1.652000000000000135e-01
1.652000000000000135e-01
1.652000000000000135e-01
1.650000000000000355e-01
1.645999999999999686e-01
1.645999999999999686e-01
1.645999999999999686e-01
1.643999999999999906e-01
1.642000000000000126e-01
1.640000000000000346e-01
1.635999999999999677e-01
1.635999999999999677e-01
1.635999999999999677e-01
1.635999999999999677e-01
1.632000000000000117e-01
1.630000000000000338e-01
1.630000000000000338e-01
1.627999999999999448e-01
1.625999999999999668e-01
1.622000000000000108e-01
1.620000000000000329e-01
1.620000000000000329e-01
1.620000000000000329e-01
1.620000000000000329e-01
1.615999999999999659e-01
1.615999999999999659e-01
1.615999999999999659e-01
1.615999999999999659e-01
1.613999999999999879e-01
1.612000000000000099e-01
1.608000000000000540e-01
