8.950000000000000178e-01
8.963333333333333153e-01
8.549999999999999822e-01
8.419999999999999707e-01
8.263333333333333641e-01
8.116666666666666474e-01
8.020000000000000462e-01
7.940000000000000391e-01
7.913333333333333330e-01
7.830000000000000293e-01
7.786666666666666181e-01
7.736666666666667247e-01
7.713333333333333153e-01
7.670000000000000151e-01
7.640000000000000124e-01
7.600000000000000089e-01
7.573333333333333028e-01
7.520000000000000018e-01
7.466666666666665897e-01
7.429999999999999938e-01
7.383333333333332860e-01
7.349999999999999867e-01
7.293333333333333890e-01
7.273333333333333872e-01
7.239999999999999769e-01
7.213333333333333819e-01
7.139999999999999680e-01
7.093333333333333712e-01
7.059999999999999609e-01
7.013333333333333641e-01
6.956666666666666554e-01
6.923333333333333561e-01
6.870000000000000551e-01
6.816666666666666430e-01
6.753333333333333410e-01
6.710000000000000409e-01
6.676666666666666305e-01
6.653333333333333321e-01
6.576666666666666217e-01
6.570000000000000284e-01
6.523333333333333206e-01
6.443333333333333135e-01
6.396666666666666057e-01
5.939999999999999725e-01
5.886666666666666714e-01
5.806666666666666643e-01
5.743333333333333623e-01
5.713333333333333597e-01
5.649999999999999467e-01
5.596666666666666456e-01
5.566666666666666430e-01
5.533333333333333437e-01
5.466666666666666341e-01
5.416666666666667407e-01
5.386666666666666270e-01
5.353333333333333277e-01
5.320000000000000284e-01
5.250000000000000222e-01
5.213333333333333153e-01
5.166666666666666075e-01
5.130000000000000115e-01
5.083333333333333037e-01
5.043333333333333002e-01
5.016666666666667052e-01
4.953333333333332922e-01
4.916666666666666963e-01
4.873333333333332851e-01
4.833333333333332815e-01
4.816666666666666874e-01
4.789999999999999813e-01
4.719999999999999751e-01
4.663333333333333774e-01
4.626666666666666705e-01
4.573333333333333695e-01
4.529999999999999583e-01
4.503333333333333632e-01
4.483333333333333615e-01
4.463333333333333597e-01
4.446666666666666545e-01
4.433333333333333570e-01
4.383333333333333526e-01
4.336666666666666448e-01
4.316666666666666430e-01
4.290000000000000480e-01
4.253333333333333410e-01
4.243333333333333401e-01
4.213333333333333375e-01
4.193333333333333357e-01
4.146666666666666279e-01
4.123333333333333295e-01
4.123333333333333295e-01
4.096666666666666234e-01
4.073333333333333250e-01
4.063333333333333242e-01
4.036666666666666181e-01
3.990000000000000213e-01
3.970000000000000195e-01
3.950000000000000178e-01
3.910000000000000142e-01
3.876666666666667149e-01
3.833333333333333037e-01
3.820000000000000062e-01
3.800000000000000044e-01
3.783333333333332993e-01
3.746666666666667034e-01
3.739999999999999991e-01
3.693333333333332913e-01
3.649999999999999911e-01
3.609999999999999876e-01
3.549999999999999822e-01
3.529999999999999805e-01
3.496666666666666812e-01
3.473333333333333828e-01
3.456666666666666776e-01
3.426666666666666750e-01
3.393333333333333757e-01
3.373333333333333739e-01
3.349999999999999645e-01
3.333333333333333703e-01
3.309999999999999609e-01
3.296666666666666634e-01
3.276666666666666616e-01
3.249999999999999556e-01
3.236666666666666581e-01
3.206666666666666554e-01
3.183333333333333570e-01
3.153333333333333544e-01
3.146666666666666501e-01
3.113333333333333508e-01
3.080000000000000515e-01
3.070000000000000506e-01
3.063333333333333464e-01
3.053333333333333455e-01
3.040000000000000480e-01
3.033333333333333437e-01
3.006666666666666377e-01
3.000000000000000444e-01
2.990000000000000435e-01
2.960000000000000409e-01
2.960000000000000409e-01
2.940000000000000391e-01
2.920000000000000373e-01
2.920000000000000373e-01
2.893333333333333313e-01
2.883333333333333304e-01
2.866666666666666252e-01
2.846666666666666234e-01
2.813333333333333242e-01
2.810000000000000275e-01
2.783333333333333215e-01
2.780000000000000249e-01
2.770000000000000240e-01
2.760000000000000231e-01
2.756666666666666154e-01
2.743333333333333179e-01
2.726666666666666128e-01
2.713333333333333153e-01
2.706666666666667220e-01
2.696666666666667211e-01
2.693333333333333135e-01
2.690000000000000169e-01
2.673333333333333117e-01
2.666666666666667185e-01
2.660000000000000142e-01
2.650000000000000133e-01
2.640000000000000124e-01
2.626666666666667149e-01
2.620000000000000107e-01
2.603333333333333055e-01
2.590000000000000080e-01
2.583333333333333037e-01
2.580000000000000071e-01
2.573333333333333028e-01
2.566666666666667096e-01
2.550000000000000044e-01
2.530000000000000027e-01
2.513333333333332975e-01
2.496666666666667034e-01
2.496666666666667034e-01
2.469999999999999973e-01
2.456666666666666998e-01
2.443333333333332913e-01
2.419999999999999929e-01
2.416666666666666963e-01
2.416666666666666963e-01
2.403333333333332877e-01
2.389999999999999902e-01
2.379999999999999893e-01
2.376666666666666927e-01
2.369999999999999885e-01
2.359999999999999876e-01
2.353333333333332833e-01
2.349999999999999867e-01
2.349999999999999867e-01
2.349999999999999867e-01
2.346666666666666901e-01
2.336666666666666892e-01
2.333333333333332815e-01
2.326666666666666883e-01
2.316666666666666874e-01
2.313333333333332797e-01
2.299999999999999822e-01
2.296666666666666856e-01
2.283333333333333881e-01
2.283333333333333881e-01
2.273333333333333872e-01
2.263333333333333863e-01
2.266666666666666829e-01
2.246666666666666812e-01
2.233333333333333837e-01
2.219999999999999751e-01
2.206666666666666776e-01
2.206666666666666776e-01
2.206666666666666776e-01
2.206666666666666776e-01
2.199999999999999734e-01
2.196666666666666767e-01
2.199999999999999734e-01
2.193333333333333801e-01
2.183333333333333792e-01
2.176666666666666750e-01
2.166666666666666741e-01
2.156666666666666732e-01
2.139999999999999680e-01
2.133333333333333748e-01
2.126666666666666705e-01
2.119999999999999662e-01
2.116666666666666696e-01
2.116666666666666696e-01
2.116666666666666696e-01
2.116666666666666696e-01
2.116666666666666696e-01
2.116666666666666696e-01
2.106666666666666687e-01
2.096666666666666679e-01
2.083333333333333703e-01
2.073333333333333695e-01
2.063333333333333686e-01
2.059999999999999609e-01
2.049999999999999600e-01
2.039999999999999591e-01
2.036666666666666625e-01
2.036666666666666625e-01
2.036666666666666625e-01
2.033333333333333659e-01
2.029999999999999583e-01
2.026666666666666616e-01
2.026666666666666616e-01
2.019999999999999574e-01
2.016666666666666607e-01
2.006666666666666599e-01
2.003333333333333632e-01
1.996666666666666590e-01
1.986666666666666581e-01
1.983333333333333615e-01
1.976666666666666572e-01
1.963333333333333597e-01
1.949999999999999512e-01
1.946666666666666545e-01
1.943333333333333579e-01
1.933333333333333570e-01
1.933333333333333570e-01
1.926666666666666528e-01
1.919999999999999485e-01
1.919999999999999485e-01
1.919999999999999485e-01
1.909999999999999476e-01
1.906666666666666510e-01
1.906666666666666510e-01
1.903333333333333544e-01
1.899999999999999467e-01
1.896666666666666501e-01
1.889999999999999458e-01
1.883333333333333526e-01
1.873333333333333517e-01
1.866666666666666474e-01
1.856666666666666465e-01
1.853333333333333499e-01
1.850000000000000533e-01
1.843333333333333490e-01
1.840000000000000524e-01
1.833333333333333481e-01
1.816666666666666430e-01
1.816666666666666430e-01
1.813333333333333464e-01
1.800000000000000488e-01
1.790000000000000480e-01
1.786666666666666403e-01
1.780000000000000471e-01
1.780000000000000471e-01
1.780000000000000471e-01
1.770000000000000462e-01
1.766666666666666385e-01
1.766666666666666385e-01
1.763333333333333419e-01
1.763333333333333419e-01
1.766666666666666385e-01
1.760000000000000453e-01
1.753333333333333410e-01
1.750000000000000444e-01
1.750000000000000444e-01
1.750000000000000444e-01
1.746666666666666368e-01
1.746666666666666368e-01
1.740000000000000435e-01
1.736666666666666359e-01
1.736666666666666359e-01
1.736666666666666359e-01
1.733333333333333393e-01
1.730000000000000426e-01
1.726666666666666350e-01
1.716666666666666341e-01
1.716666666666666341e-01
1.716666666666666341e-01
1.716666666666666341e-01
1.716666666666666341e-01
1.716666666666666341e-01
1.713333333333333375e-01
1.713333333333333375e-01
1.710000000000000409e-01
1.710000000000000409e-01
1.710000000000000409e-01
1.700000000000000400e-01
1.696666666666666323e-01
1.696666666666666323e-01
1.696666666666666323e-01
1.696666666666666323e-01
1.696666666666666323e-01
1.693333333333333357e-01
1.693333333333333357e-01
1.690000000000000391e-01
1.683333333333333348e-01
1.680000000000000382e-01
1.676666666666666305e-01
1.676666666666666305e-01
1.676666666666666305e-01
1.673333333333333339e-01
1.670000000000000373e-01
1.670000000000000373e-01
1.666666666666666297e-01
1.666666666666666297e-01
1.663333333333333330e-01
1.653333333333333321e-01
1.653333333333333321e-01
1.650000000000000355e-01
1.653333333333333321e-01
1.650000000000000355e-01
1.643333333333333313e-01
1.636666666666666270e-01
1.636666666666666270e-01
1.633333333333333304e-01
1.633333333333333304e-01
1.630000000000000338e-01
1.630000000000000338e-01
1.620000000000000329e-01
1.616666666666666252e-01
1.613333333333333286e-01
1.613333333333333286e-01
1.613333333333333286e-01
1.610000000000000320e-01
1.610000000000000320e-01
1.606666666666666243e-01
1.603333333333333277e-01
1.596666666666666234e-01
1.593333333333333268e-01
1.590000000000000302e-01
1.586666666666666226e-01
1.583333333333333259e-01
1.580000000000000293e-01
1.573333333333333250e-01
1.566666666666666208e-01
1.566666666666666208e-01
1.566666666666666208e-01
1.560000000000000275e-01
1.560000000000000275e-01
1.556666666666666199e-01
1.556666666666666199e-01
1.556666666666666199e-01
1.560000000000000275e-01
1.560000000000000275e-01
1.556666666666666199e-01
1.556666666666666199e-01
1.553333333333333233e-01
1.550000000000000266e-01
1.546666666666666190e-01
1.546666666666666190e-01
1.540000000000000258e-01
1.540000000000000258e-01
1.536666666666666181e-01
1.533333333333333215e-01
1.533333333333333215e-01
1.533333333333333215e-01
1.530000000000000249e-01
1.523333333333333206e-01
1.513333333333333197e-01
1.513333333333333197e-01
1.513333333333333197e-01
1.510000000000000231e-01
1.506666666666666154e-01
1.503333333333333188e-01
1.500000000000000222e-01
1.496666666666666146e-01
1.483333333333333171e-01
1.476666666666666128e-01
1.476666666666666128e-01
1.473333333333333162e-01
1.473333333333333162e-01
1.473333333333333162e-01
1.470000000000000195e-01
1.466666666666666119e-01
1.463333333333333153e-01
1.460000000000000187e-01
1.456666666666667220e-01
1.460000000000000187e-01
1.450000000000000178e-01
1.440000000000000169e-01
1.440000000000000169e-01
1.440000000000000169e-01
1.436666666666667203e-01
1.433333333333333126e-01
1.430000000000000160e-01
1.430000000000000160e-01
1.426666666666667194e-01
1.426666666666667194e-01
1.426666666666667194e-01
1.426666666666667194e-01
1.426666666666667194e-01
1.426666666666667194e-01
1.426666666666667194e-01
1.423333333333333117e-01
1.423333333333333117e-01
1.420000000000000151e-01
1.420000000000000151e-01
1.420000000000000151e-01
1.420000000000000151e-01
1.420000000000000151e-01
1.416666666666667185e-01
1.406666666666667176e-01
1.403333333333333099e-01
1.403333333333333099e-01
1.403333333333333099e-01
1.403333333333333099e-01
1.400000000000000133e-01
1.396666666666667167e-01
1.396666666666667167e-01
1.396666666666667167e-01
1.393333333333333091e-01
1.393333333333333091e-01
1.390000000000000124e-01
1.390000000000000124e-01
1.383333333333333082e-01
1.383333333333333082e-01
1.376666666666667149e-01
1.376666666666667149e-01
1.370000000000000107e-01
1.370000000000000107e-01
1.370000000000000107e-01
1.363333333333333064e-01
1.363333333333333064e-01
1.363333333333333064e-01
1.360000000000000098e-01
1.360000000000000098e-01
1.360000000000000098e-01
1.360000000000000098e-01
1.360000000000000098e-01
1.363333333333333064e-01
1.363333333333333064e-01
1.363333333333333064e-01
1.363333333333333064e-01
1.366666666666667140e-01
1.370000000000000107e-01
1.370000000000000107e-01
1.370000000000000107e-01
1.360000000000000098e-01
1.360000000000000098e-01
1.350000000000000089e-01
1.350000000000000089e-01
1.350000000000000089e-01
1.346666666666667123e-01
1.340000000000000080e-01
1.340000000000000080e-01
1.340000000000000080e-01
1.340000000000000080e-01
1.333333333333333037e-01
1.333333333333333037e-01
1.333333333333333037e-01
1.333333333333333037e-01
1.330000000000000071e-01
1.326666666666667105e-01
1.326666666666667105e-01
1.326666666666667105e-01
1.326666666666667105e-01
1.326666666666667105e-01
1.326666666666667105e-01
1.326666666666667105e-01
1.323333333333333028e-01
1.323333333333333028e-01
1.323333333333333028e-01
1.323333333333333028e-01
1.320000000000000062e-01
