8.882857142857143451e-01
8.605714285714285428e-01
8.428571428571428603e-01
8.379999999999999671e-01
8.299999999999999600e-01
8.214285714285713969e-01
8.011428571428571566e-01
7.942857142857142616e-01
7.880000000000000338e-01
7.842857142857142527e-01
7.734285714285714652e-01
7.674285714285714599e-01
7.605714285714285650e-01
7.580000000000000071e-01
7.551428571428571157e-01
7.494285714285714439e-01
7.459999999999999964e-01
7.434285714285714386e-01
7.405714285714285472e-01
7.348571428571428754e-01
7.342857142857142083e-01
7.311428571428570944e-01
7.279999999999999805e-01
7.228571428571428648e-01
7.168571428571428594e-01
7.102857142857142980e-01
7.068571428571428505e-01
7.054285714285714048e-01
7.028571428571428470e-01
7.005714285714286227e-01
6.954285714285715070e-01
6.899999999999999467e-01
6.871428571428571663e-01
6.845714285714286085e-01
6.785714285714286031e-01
6.759999999999999343e-01
6.711428571428571521e-01
6.668571428571428150e-01
6.637142857142857011e-01
6.597142857142856975e-01
6.557142857142856940e-01
6.522857142857143575e-01
6.488571428571427990e-01
6.468571428571427973e-01
6.434285714285714608e-01
6.394285714285714572e-01
6.351428571428571201e-01
6.320000000000000062e-01
6.291428571428572258e-01
6.257142857142856673e-01
6.211428571428572187e-01
6.171428571428572152e-01
6.108571428571428763e-01
6.065714285714285392e-01
6.025714285714285356e-01
5.982857142857143096e-01
5.911428571428571921e-01
5.857142857142856318e-01
5.811428571428571832e-01
5.757142857142857340e-01
5.700000000000000622e-01
5.674285714285713933e-01
5.620000000000000551e-01
5.557142857142857162e-01
5.517142857142857126e-01
5.460000000000000409e-01
5.405714285714285916e-01
5.362857142857142545e-01
5.320000000000000284e-01
5.274285714285713578e-01
5.228571428571429092e-01
5.162857142857142367e-01
5.085714285714285632e-01
5.017142857142857792e-01
4.985714285714285543e-01
4.939999999999999947e-01
4.865714285714285436e-01
4.814285714285714279e-01
4.759999999999999787e-01
4.702857142857143069e-01
4.637142857142857455e-01
4.579999999999999627e-01
4.534285714285714031e-01
4.451428571428571734e-01
4.397142857142857242e-01
4.357142857142857206e-01
4.311428571428571610e-01
4.248571428571428221e-01
4.211428571428571521e-01
4.162857142857142589e-01
4.122857142857142554e-01
4.080000000000000293e-01
4.048571428571428044e-01
4.002857142857142447e-01
3.965714285714285747e-01
3.900000000000000133e-01
3.848571428571428976e-01
3.825714285714285623e-01
3.794285714285714484e-01
3.757142857142856673e-01
3.734285714285714430e-01
3.697142857142856620e-01
3.668571428571428816e-01
3.665714285714285481e-01
3.637142857142857677e-01
3.614285714285714324e-01
3.597142857142857642e-01
3.571428571428570953e-01
3.568571428571428727e-01
3.542857142857143149e-01
3.511428571428570899e-01
3.491428571428570882e-01
3.474285714285714199e-01
3.465714285714285303e-01
3.431428571428571939e-01
3.402857142857143025e-01
3.362857142857142989e-01
3.345714285714285197e-01
3.337142857142857411e-01
3.328571428571428514e-01
3.314285714285714057e-01
3.282857142857142918e-01
3.259999999999999565e-01
3.248571428571428443e-01
3.211428571428571743e-01
3.188571428571428390e-01
3.165714285714286147e-01
3.142857142857142794e-01
3.122857142857142776e-01
3.105714285714286094e-01
3.108571428571428319e-01
3.094285714285713862e-01
3.074285714285713844e-01
3.045714285714286040e-01
3.014285714285713791e-01
3.011428571428571566e-01
2.985714285714285987e-01
2.971428571428571530e-01
2.954285714285713738e-01
2.942857142857142616e-01
2.928571428571428159e-01
2.902857142857142581e-01
2.894285714285714795e-01
2.882857142857142563e-01
2.868571428571428106e-01
2.860000000000000320e-01
2.848571428571428088e-01
2.840000000000000302e-01
2.822857142857142509e-01
2.817142857142856949e-01
2.800000000000000266e-01
2.780000000000000249e-01
2.771428571428571352e-01
2.771428571428571352e-01
2.760000000000000231e-01
2.745714285714285774e-01
2.742857142857142438e-01
2.740000000000000213e-01
2.734285714285714652e-01
2.725714285714285756e-01
2.717142857142856860e-01
2.700000000000000178e-01
2.702857142857142403e-01
2.694285714285714617e-01
2.677142857142856824e-01
2.668571428571429038e-01
2.657142857142856807e-01
2.648571428571429021e-01
2.631428571428571228e-01
2.611428571428571210e-01
2.600000000000000089e-01
2.588571428571428967e-01
2.580000000000000071e-01
2.571428571428571175e-01
2.565714285714285614e-01
2.551428571428571157e-01
2.548571428571428932e-01
2.542857142857143371e-01
2.525714285714285579e-01
2.517142857142856682e-01
2.514285714285714457e-01
2.514285714285714457e-01
2.500000000000000000e-01
2.488571428571428878e-01
2.488571428571428878e-01
2.479999999999999982e-01
2.474285714285714421e-01
2.465714285714285525e-01
2.457142857142856629e-01
2.439999999999999947e-01
2.437142857142856611e-01
2.431428571428571050e-01
2.422857142857143264e-01
2.419999999999999929e-01
2.414285714285714368e-01
2.405714285714285472e-01
2.399999999999999911e-01
2.391428571428571015e-01
2.394285714285714350e-01
2.385714285714285454e-01
2.377142857142857668e-01
2.374285714285714333e-01
2.362857142857143211e-01
2.354285714285714315e-01
2.348571428571428754e-01
2.345714285714285419e-01
2.334285714285714297e-01
2.322857142857143176e-01
2.314285714285714279e-01
2.305714285714285383e-01
2.302857142857143158e-01
2.291428571428570926e-01
2.282857142857143140e-01
2.279999999999999805e-01
2.268571428571428683e-01
2.268571428571428683e-01
2.257142857142857562e-01
2.254285714285714226e-01
2.245714285714285330e-01
2.242857142857143105e-01
2.237142857142857544e-01
2.234285714285714208e-01
2.228571428571428648e-01
2.228571428571428648e-01
2.228571428571428648e-01
2.225714285714285312e-01
2.219999999999999751e-01
2.219999999999999751e-01
2.217142857142857526e-01
2.202857142857143069e-01
2.197142857142857508e-01
2.185714285714285277e-01
2.179999999999999716e-01
2.174285714285714155e-01
2.162857142857143034e-01
2.154285714285714137e-01
2.157142857142857473e-01
2.154285714285714137e-01
2.151428571428571912e-01
2.142857142857143016e-01
2.139999999999999680e-01
2.128571428571428559e-01
2.119999999999999662e-01
2.119999999999999662e-01
2.111428571428571876e-01
2.105714285714285205e-01
2.097142857142857419e-01
2.082857142857142962e-01
2.079999999999999627e-01
2.074285714285714066e-01
2.071428571428571841e-01
2.071428571428571841e-01
2.071428571428571841e-01
2.068571428571428505e-01
2.059999999999999609e-01
2.057142857142857384e-01
2.051428571428571823e-01
2.042857142857142927e-01
2.039999999999999591e-01
2.039999999999999591e-01
2.034285714285714031e-01
2.028571428571428470e-01
2.025714285714286245e-01
2.017142857142857348e-01
2.011428571428571788e-01
2.008571428571428452e-01
1.994285714285713995e-01
1.991428571428571770e-01
1.988571428571428434e-01
1.985714285714286209e-01
1.985714285714286209e-01
1.977142857142857313e-01
1.977142857142857313e-01
1.974285714285713977e-01
1.971428571428571752e-01
1.968571428571428417e-01
1.965714285714286191e-01
1.959999999999999520e-01
1.957142857142857295e-01
1.951428571428571734e-01
1.945714285714286174e-01
1.945714285714286174e-01
1.939999999999999503e-01
1.937142857142857277e-01
1.934285714285713942e-01
1.931428571428571717e-01
1.917142857142857260e-01
1.911428571428571699e-01
1.911428571428571699e-01
1.902857142857142803e-01
1.897142857142857242e-01
1.888571428571428346e-01
1.874285714285713889e-01
1.874285714285713889e-01
1.874285714285713889e-01
1.868571428571428328e-01
1.868571428571428328e-01
1.862857142857142767e-01
1.862857142857142767e-01
1.860000000000000542e-01
1.851428571428571646e-01
1.854285714285713871e-01
1.842857142857142749e-01
1.834285714285713853e-01
1.834285714285713853e-01
1.828571428571428292e-01
1.828571428571428292e-01
1.825714285714286067e-01
1.817142857142857171e-01
1.817142857142857171e-01
1.811428571428571610e-01
1.811428571428571610e-01
1.808571428571428275e-01
1.802857142857142714e-01
1.800000000000000488e-01
1.800000000000000488e-01
1.800000000000000488e-01
1.791428571428571592e-01
1.782857142857142696e-01
1.782857142857142696e-01
1.774285714285713800e-01
1.774285714285713800e-01
1.771428571428571574e-01
1.768571428571428239e-01
1.762857142857142678e-01
1.762857142857142678e-01
1.762857142857142678e-01
1.757142857142857117e-01
1.757142857142857117e-01
1.754285714285713782e-01
1.751428571428571557e-01
1.751428571428571557e-01
1.742857142857142660e-01
1.742857142857142660e-01
1.740000000000000435e-01
1.740000000000000435e-01
1.737142857142857100e-01
1.734285714285713764e-01
1.731428571428571539e-01
1.725714285714285978e-01
1.728571428571428203e-01
1.725714285714285978e-01
1.722857142857142643e-01
1.720000000000000417e-01
1.720000000000000417e-01
1.720000000000000417e-01
1.720000000000000417e-01
1.720000000000000417e-01
1.720000000000000417e-01
1.714285714285713746e-01
1.711428571428571521e-01
1.708571428571428186e-01
1.697142857142857064e-01
1.697142857142857064e-01
1.694285714285714839e-01
1.691428571428571503e-01
1.691428571428571503e-01
1.680000000000000382e-01
1.677142857142857046e-01
1.674285714285714821e-01
1.674285714285714821e-01
1.671428571428571486e-01
1.671428571428571486e-01
1.668571428571428150e-01
1.665714285714285925e-01
1.665714285714285925e-01
1.668571428571428150e-01
1.665714285714285925e-01
1.662857142857142589e-01
1.662857142857142589e-01
1.657142857142857029e-01
1.642857142857142572e-01
1.642857142857142572e-01
1.642857142857142572e-01
1.640000000000000346e-01
1.640000000000000346e-01
1.642857142857142572e-01
1.637142857142857011e-01
1.637142857142857011e-01
1.637142857142857011e-01
1.625714285714285889e-01
1.628571428571428115e-01
1.625714285714285889e-01
1.625714285714285889e-01
1.622857142857142554e-01
1.625714285714285889e-01
1.622857142857142554e-01
1.622857142857142554e-01
1.620000000000000329e-01
1.620000000000000329e-01
1.614285714285714768e-01
1.614285714285714768e-01
1.614285714285714768e-01
1.611428571428571432e-01
1.614285714285714768e-01
1.611428571428571432e-01
1.611428571428571432e-01
1.608571428571428097e-01
1.605714285714285872e-01
1.608571428571428097e-01
1.602857142857142536e-01
1.600000000000000311e-01
1.600000000000000311e-01
1.600000000000000311e-01
1.597142857142856975e-01
1.594285714285714750e-01
1.591428571428571415e-01
1.588571428571428079e-01
1.591428571428571415e-01
1.582857142857142518e-01
1.577142857142856958e-01
1.577142857142856958e-01
1.574285714285714732e-01
1.577142857142856958e-01
1.577142857142856958e-01
1.574285714285714732e-01
1.571428571428571397e-01
1.565714285714285836e-01
1.565714285714285836e-01
1.568571428571428061e-01
1.565714285714285836e-01
1.565714285714285836e-01
1.565714285714285836e-01
1.565714285714285836e-01
1.562857142857142501e-01
1.560000000000000275e-01
1.560000000000000275e-01
1.554285714285714715e-01
1.551428571428571379e-01
1.551428571428571379e-01
1.551428571428571379e-01
1.554285714285714715e-01
1.551428571428571379e-01
1.548571428571428044e-01
1.545714285714285818e-01
1.542857142857142483e-01
1.540000000000000258e-01
1.540000000000000258e-01
1.540000000000000258e-01
1.540000000000000258e-01
1.537142857142856922e-01
1.534285714285714697e-01
1.531428571428571361e-01
1.531428571428571361e-01
1.531428571428571361e-01
1.531428571428571361e-01
1.528571428571428026e-01
1.522857142857142465e-01
1.520000000000000240e-01
1.511428571428571344e-01
1.508571428571429118e-01
1.508571428571429118e-01
1.505714285714285783e-01
1.505714285714285783e-01
1.505714285714285783e-01
1.505714285714285783e-01
1.505714285714285783e-01
1.502857142857142447e-01
1.500000000000000222e-01
1.494285714285714661e-01
1.491428571428571326e-01
1.491428571428571326e-01
1.491428571428571326e-01
1.491428571428571326e-01
1.491428571428571326e-01
1.491428571428571326e-01
1.485714285714285765e-01
1.482857142857142430e-01
1.482857142857142430e-01
1.477142857142856869e-01
1.477142857142856869e-01
1.480000000000000204e-01
1.477142857142856869e-01
1.468571428571429083e-01
1.462857142857142412e-01
1.462857142857142412e-01
1.465714285714285747e-01
1.462857142857142412e-01
1.462857142857142412e-01
1.460000000000000187e-01
1.457142857142856851e-01
1.454285714285714626e-01
1.448571428571429065e-01
1.448571428571429065e-01
1.448571428571429065e-01
1.448571428571429065e-01
1.451428571428571290e-01
1.445714285714285730e-01
1.442857142857142394e-01
1.442857142857142394e-01
1.442857142857142394e-01
1.442857142857142394e-01
1.442857142857142394e-01
1.440000000000000169e-01
1.440000000000000169e-01
1.440000000000000169e-01
1.434285714285714608e-01
1.434285714285714608e-01
1.434285714285714608e-01
1.428571428571429047e-01
