9.177777777777778034e-01
9.006666666666667265e-01
8.906666666666667176e-01
8.826666666666667105e-01
8.688888888888888218e-01
8.568888888888889221e-01
8.435555555555556140e-01
8.211111111111111249e-01
8.082222222222221752e-01
7.846666666666666234e-01
7.715555555555555500e-01
7.597777777777777741e-01
7.597777777777777741e-01
7.459999999999999964e-01
7.346666666666666901e-01
7.262222222222222134e-01
7.171111111111110326e-01
7.057777777777778372e-01
6.966666666666666563e-01
6.897777777777778230e-01
6.808888888888888768e-01
6.731111111111111045e-01
6.628888888888888609e-01
6.502222222222222570e-01
6.466666666666667229e-01
6.408888888888888413e-01
6.333333333333333037e-01
6.282222222222222374e-01
6.193333333333332913e-01
6.099999999999999867e-01
6.037777777777777466e-01
5.982222222222222108e-01
5.920000000000000817e-01
5.691111111111111232e-01
5.695555555555555927e-01
5.606666666666666465e-01
5.526666666666666394e-01
5.462222222222221646e-01
5.400000000000000355e-01
5.342222222222221539e-01
5.275555555555555554e-01
5.206666666666666110e-01
5.146666666666666057e-01
5.113333333333333064e-01
5.024444444444444713e-01
4.973333333333332940e-01
4.939999999999999947e-01
4.819999999999999840e-01
4.753333333333333854e-01
4.695555555555555038e-01
4.655555555555555003e-01
4.615555555555556078e-01
4.544444444444444287e-01
4.495555555555555971e-01
4.424444444444444180e-01
4.379999999999999449e-01
4.311111111111111116e-01
4.260000000000000453e-01
4.233333333333333393e-01
4.215555555555555722e-01
4.195555555555555705e-01
4.166666666666666297e-01
4.133333333333333304e-01
4.093333333333333268e-01
4.064444444444444970e-01
4.035555555555555562e-01
3.995555555555555527e-01
3.962222222222222534e-01
3.924444444444444846e-01
3.888888888888888395e-01
3.853333333333333055e-01
3.824444444444444757e-01
3.788888888888889417e-01
3.764444444444444704e-01
3.739999999999999991e-01
3.702222222222222303e-01
3.682222222222222285e-01
3.644444444444444597e-01
3.617777777777777537e-01
3.577777777777777501e-01
3.564444444444444526e-01
3.546666666666666856e-01
3.517777777777777448e-01
3.477777777777777413e-01
3.464444444444444438e-01
3.442222222222222072e-01
3.415555555555555012e-01
3.373333333333333739e-01
3.351111111111111374e-01
3.333333333333333703e-01
3.311111111111111338e-01
3.288888888888888973e-01
3.255555555555555980e-01
3.253333333333333632e-01
3.231111111111111267e-01
3.191111111111111232e-01
3.182222222222221841e-01
3.164444444444444171e-01
3.137777777777778221e-01
3.131111111111111178e-01
3.115555555555555856e-01
3.084444444444444100e-01
3.080000000000000515e-01
3.062222222222221735e-01
3.040000000000000480e-01
3.020000000000000462e-01
3.004444444444444029e-01
2.995555555555555749e-01
2.988888888888888706e-01
2.973333333333333384e-01
2.948888888888888671e-01
2.924444444444443958e-01
2.915555555555555678e-01
2.891111111111110965e-01
2.877777777777777990e-01
2.857777777777777972e-01
2.848888888888888582e-01
2.837777777777777954e-01
2.817777777777777937e-01
2.804444444444444962e-01
2.793333333333333224e-01
2.784444444444444944e-01
2.780000000000000249e-01
2.762222222222222578e-01
2.755555555555555536e-01
2.748888888888888493e-01
2.726666666666666128e-01
2.708888888888888458e-01
2.704444444444444873e-01
2.704444444444444873e-01
2.686666666666667203e-01
2.668888888888888422e-01
2.653333333333333099e-01
2.628888888888888387e-01
2.617777777777777759e-01
2.606666666666667131e-01
2.593333333333333046e-01
2.586666666666667114e-01
2.564444444444444748e-01
2.557777777777777706e-01
2.548888888888889426e-01
2.546666666666667078e-01
2.535555555555555340e-01
2.517777777777777670e-01
2.517777777777777670e-01
2.511111111111110628e-01
2.502222222222222348e-01
2.488888888888889372e-01
2.479999999999999982e-01
2.475555555555555287e-01
2.464444444444444660e-01
2.459999999999999964e-01
2.455555555555555269e-01
2.444444444444444642e-01
2.442222222222222294e-01
2.435555555555555252e-01
2.428888888888889319e-01
2.422222222222222276e-01
2.406666666666666954e-01
2.399999999999999911e-01
2.395555555555555216e-01
2.386666666666666936e-01
2.384444444444444589e-01
2.366666666666666918e-01
2.359999999999999876e-01
2.353333333333332833e-01
2.353333333333332833e-01
2.344444444444444553e-01
2.337777777777777510e-01
2.335555555555555163e-01
2.331111111111111578e-01
2.326666666666666883e-01
2.319999999999999840e-01
2.304444444444444517e-01
2.302222222222222170e-01
2.288888888888889195e-01
2.282222222222222152e-01
2.271111111111111525e-01
2.257777777777777439e-01
2.253333333333333854e-01
2.253333333333333854e-01
2.246666666666666812e-01
2.237777777777777422e-01
2.226666666666666794e-01
2.215555555555555056e-01
2.213333333333333819e-01
2.208888888888889124e-01
2.202222222222222081e-01
2.204444444444444429e-01
2.197777777777777386e-01
2.195555555555555038e-01
2.193333333333333801e-01
2.186666666666666758e-01
2.182222222222222063e-01
2.177777777777777368e-01
2.171111111111111436e-01
2.171111111111111436e-01
2.164444444444444393e-01
2.155555555555555003e-01
2.151111111111111418e-01
2.144444444444444375e-01
2.131111111111111400e-01
2.126666666666666705e-01
2.124444444444444358e-01
2.111111111111111382e-01
2.102222222222221992e-01
2.097777777777777297e-01
2.091111111111111365e-01
2.091111111111111365e-01
2.086666666666666670e-01
2.082222222222221975e-01
2.075555555555556042e-01
2.068888888888888999e-01
2.064444444444444304e-01
2.062222222222221957e-01
2.059999999999999609e-01
2.062222222222221957e-01
2.055555555555556024e-01
2.048888888888888982e-01
2.048888888888888982e-01
2.051111111111111329e-01
2.044444444444444287e-01
2.042222222222221939e-01
2.035555555555556007e-01
2.028888888888888964e-01
2.026666666666666616e-01
2.022222222222221921e-01
2.013333333333333641e-01
2.011111111111111294e-01
2.002222222222221903e-01
1.995555555555555971e-01
1.995555555555555971e-01
1.986666666666666581e-01
1.984444444444444233e-01
1.977777777777778301e-01
1.973333333333333606e-01
1.966666666666666563e-01
1.964444444444444215e-01
1.953333333333333588e-01
1.948888888888888893e-01
1.948888888888888893e-01
1.944444444444444198e-01
1.937777777777778265e-01
1.935555555555555918e-01
1.931111111111111223e-01
1.928888888888888875e-01
1.926666666666666528e-01
1.919999999999999485e-01
1.915555555555555900e-01
1.913333333333333552e-01
1.906666666666666510e-01
1.904444444444444162e-01
1.904444444444444162e-01
1.897777777777778230e-01
1.893333333333333535e-01
1.891111111111111187e-01
1.886666666666666492e-01
1.888888888888888840e-01
1.877777777777778212e-01
1.871111111111111169e-01
1.866666666666666474e-01
1.862222222222221779e-01
1.857777777777778194e-01
1.855555555555555847e-01
1.848888888888888804e-01
1.842222222222221761e-01
1.840000000000000524e-01
1.828888888888888786e-01
1.824444444444444091e-01
1.817777777777778159e-01
1.813333333333333464e-01
1.813333333333333464e-01
1.811111111111111116e-01
1.811111111111111116e-01
1.804444444444444073e-01
1.804444444444444073e-01
1.802222222222221726e-01
1.793333333333333446e-01
1.788888888888888751e-01
1.786666666666666403e-01
1.784444444444444056e-01
1.786666666666666403e-01
1.784444444444444056e-01
1.782222222222221708e-01
1.780000000000000471e-01
1.771111111111111081e-01
1.768888888888888733e-01
1.766666666666666385e-01
1.760000000000000453e-01
1.755555555555555758e-01
1.753333333333333410e-01
1.748888888888888715e-01
1.746666666666666368e-01
1.746666666666666368e-01
1.744444444444444020e-01
1.740000000000000435e-01
1.737777777777778088e-01
1.735555555555555740e-01
1.731111111111111045e-01
1.726666666666666350e-01
1.722222222222222765e-01
1.722222222222222765e-01
1.720000000000000417e-01
1.720000000000000417e-01
1.717777777777778070e-01
1.717777777777778070e-01
1.717777777777778070e-01
1.717777777777778070e-01
1.715555555555555722e-01
1.708888888888888680e-01
1.711111111111111027e-01
1.708888888888888680e-01
1.708888888888888680e-01
1.702222222222222747e-01
1.697777777777778052e-01
1.695555555555555705e-01
1.695555555555555705e-01
1.691111111111111009e-01
1.693333333333333357e-01
1.691111111111111009e-01
1.688888888888888662e-01
1.688888888888888662e-01
1.691111111111111009e-01
1.691111111111111009e-01
1.691111111111111009e-01
1.688888888888888662e-01
1.688888888888888662e-01
1.686666666666666314e-01
1.684444444444443967e-01
1.684444444444443967e-01
1.677777777777778034e-01
1.677777777777778034e-01
1.675555555555555687e-01
1.673333333333333339e-01
1.671111111111110992e-01
1.664444444444443949e-01
1.666666666666666297e-01
1.662222222222222712e-01
1.660000000000000364e-01
1.657777777777778017e-01
1.646666666666666279e-01
1.644444444444443931e-01
1.644444444444443931e-01
1.640000000000000346e-01
1.637777777777777999e-01
1.633333333333333304e-01
1.628888888888888609e-01
1.624444444444443914e-01
1.622222222222222676e-01
1.620000000000000329e-01
1.617777777777777981e-01
1.615555555555555634e-01
1.613333333333333286e-01
1.613333333333333286e-01
1.611111111111110938e-01
1.611111111111110938e-01
1.611111111111110938e-01
1.611111111111110938e-01
1.611111111111110938e-01
1.611111111111110938e-01
1.608888888888888591e-01
1.608888888888888591e-01
1.606666666666666243e-01
1.606666666666666243e-01
1.602222222222222658e-01
1.597777777777777963e-01
1.595555555555555616e-01
1.591111111111110921e-01
1.591111111111110921e-01
1.591111111111110921e-01
1.591111111111110921e-01
1.588888888888888573e-01
1.584444444444444988e-01
1.582222222222222641e-01
1.580000000000000293e-01
1.580000000000000293e-01
1.580000000000000293e-01
1.577777777777777946e-01
1.577777777777777946e-01
1.575555555555555598e-01
1.575555555555555598e-01
1.577777777777777946e-01
1.573333333333333250e-01
1.568888888888888555e-01
1.568888888888888555e-01
1.568888888888888555e-01
1.566666666666666208e-01
1.566666666666666208e-01
1.562222222222222623e-01
1.560000000000000275e-01
1.560000000000000275e-01
1.557777777777777928e-01
1.557777777777777928e-01
1.557777777777777928e-01
1.557777777777777928e-01
1.553333333333333233e-01
1.551111111111110885e-01
1.546666666666666190e-01
1.544444444444444953e-01
1.542222222222222605e-01
1.542222222222222605e-01
1.540000000000000258e-01
1.535555555555555562e-01
1.535555555555555562e-01
1.533333333333333215e-01
1.533333333333333215e-01
1.531111111111110867e-01
1.531111111111110867e-01
1.531111111111110867e-01
1.528888888888888520e-01
1.526666666666666172e-01
1.524444444444444935e-01
1.524444444444444935e-01
1.520000000000000240e-01
1.517777777777777892e-01
1.517777777777777892e-01
1.515555555555555545e-01
1.515555555555555545e-01
1.515555555555555545e-01
1.511111111111110850e-01
1.513333333333333197e-01
1.506666666666666154e-01
1.506666666666666154e-01
1.504444444444444917e-01
1.497777777777777874e-01
1.495555555555555527e-01
1.493333333333333179e-01
1.493333333333333179e-01
1.493333333333333179e-01
1.493333333333333179e-01
1.486666666666666137e-01
1.486666666666666137e-01
1.486666666666666137e-01
1.484444444444444899e-01
1.484444444444444899e-01
1.480000000000000204e-01
1.480000000000000204e-01
1.480000000000000204e-01
1.480000000000000204e-01
1.477777777777777857e-01
1.477777777777777857e-01
1.475555555555555509e-01
1.473333333333333162e-01
1.473333333333333162e-01
1.473333333333333162e-01
1.468888888888888467e-01
1.466666666666666119e-01
1.464444444444444882e-01
1.460000000000000187e-01
1.460000000000000187e-01
1.460000000000000187e-01
1.460000000000000187e-01
1.460000000000000187e-01
1.457777777777777839e-01
1.457777777777777839e-01
1.455555555555555491e-01
1.455555555555555491e-01
1.453333333333333144e-01
1.448888888888888449e-01
1.446666666666667211e-01
1.446666666666667211e-01
1.444444444444444864e-01
1.444444444444444864e-01
1.444444444444444864e-01
1.440000000000000169e-01
1.440000000000000169e-01
1.437777777777777821e-01
1.437777777777777821e-01
1.437777777777777821e-01
1.437777777777777821e-01
1.437777777777777821e-01
1.437777777777777821e-01
1.437777777777777821e-01
1.437777777777777821e-01
1.437777777777777821e-01
1.437777777777777821e-01
1.435555555555555474e-01
1.433333333333333126e-01
1.431111111111110779e-01
1.431111111111110779e-01
1.431111111111110779e-01
1.431111111111110779e-01
1.431111111111110779e-01
1.428888888888888431e-01
1.428888888888888431e-01
1.428888888888888431e-01
1.426666666666667194e-01
1.424444444444444846e-01
1.422222222222222499e-01
1.420000000000000151e-01
1.417777777777777803e-01
1.413333333333333108e-01
1.413333333333333108e-01
1.413333333333333108e-01
1.413333333333333108e-01
1.413333333333333108e-01
1.413333333333333108e-01
1.413333333333333108e-01
1.413333333333333108e-01
1.413333333333333108e-01
