9.110000000000000320e-01
8.549999999999999822e-01
8.385000000000000231e-01
8.069999999999999396e-01
7.850000000000000311e-01
7.684999999999999609e-01
7.455000000000000515e-01
7.355000000000000426e-01
7.249999999999999778e-01
7.119999999999999662e-01
6.995000000000000107e-01
6.899999999999999467e-01
6.784999999999999920e-01
6.650000000000000355e-01
6.505000000000000782e-01
6.370000000000000107e-01
6.265000000000000568e-01
6.139999999999999902e-01
6.014999999999999236e-01
5.905000000000000249e-01
5.745000000000000107e-01
5.649999999999999467e-01
5.564999999999999947e-01
5.409999999999999254e-01
5.324999999999999734e-01
5.200000000000000178e-01
5.135000000000000675e-01
5.120000000000000107e-01
5.030000000000000027e-01
4.959999999999999964e-01
4.919999999999999929e-01
4.859999999999999876e-01
4.779999999999999805e-01
4.749999999999999778e-01
4.669999999999999707e-01
4.615000000000000213e-01
4.575000000000000178e-01
4.519999999999999574e-01
4.495000000000000107e-01
4.445000000000000062e-01
4.375000000000000000e-01
4.354999999999999982e-01
4.300000000000000488e-01
4.264999999999999902e-01
4.220000000000000417e-01
4.194999999999999840e-01
4.164999999999999813e-01
4.130000000000000338e-01
4.070000000000000284e-01
4.034999999999999698e-01
3.990000000000000213e-01
3.970000000000000195e-01
3.934999999999999609e-01
3.880000000000000115e-01
3.870000000000000107e-01
3.864999999999999547e-01
3.844999999999999529e-01
3.814999999999999503e-01
3.774999999999999467e-01
3.780000000000000027e-01
3.760000000000000009e-01
3.750000000000000000e-01
3.739999999999999991e-01
3.719999999999999973e-01
3.705000000000000515e-01
3.679999999999999938e-01
3.649999999999999911e-01
3.629999999999999893e-01
3.629999999999999893e-01
3.605000000000000426e-01
3.569999999999999840e-01
3.559999999999999831e-01
3.535000000000000364e-01
3.519999999999999796e-01
3.505000000000000338e-01
3.479999999999999760e-01
3.475000000000000311e-01
3.455000000000000293e-01
3.445000000000000284e-01
3.429999999999999716e-01
3.415000000000000258e-01
3.389999999999999680e-01
3.369999999999999662e-01
3.345000000000000195e-01
3.309999999999999609e-01
3.285000000000000142e-01
3.275000000000000133e-01
3.239999999999999547e-01
3.225000000000000089e-01
3.209999999999999520e-01
3.199999999999999512e-01
3.199999999999999512e-01
3.195000000000000062e-01
3.189999999999999503e-01
3.189999999999999503e-01
3.165000000000000036e-01
3.165000000000000036e-01
3.149999999999999467e-01
3.125000000000000000e-01
3.114999999999999991e-01
3.100000000000000533e-01
3.090000000000000524e-01
3.074999999999999956e-01
3.050000000000000488e-01
3.040000000000000480e-01
3.020000000000000462e-01
3.004999999999999893e-01
2.994999999999999885e-01
2.974999999999999867e-01
2.964999999999999858e-01
2.940000000000000391e-01
2.924999999999999822e-01
2.904999999999999805e-01
2.904999999999999805e-01
2.890000000000000346e-01
2.880000000000000338e-01
2.850000000000000311e-01
2.840000000000000302e-01
2.824999999999999734e-01
2.800000000000000266e-01
2.790000000000000258e-01
2.770000000000000240e-01
2.754999999999999671e-01
2.750000000000000222e-01
2.740000000000000213e-01
2.734999999999999654e-01
2.724999999999999645e-01
2.724999999999999645e-01
2.724999999999999645e-01
2.720000000000000195e-01
2.690000000000000169e-01
2.690000000000000169e-01
2.694999999999999618e-01
2.700000000000000178e-01
2.690000000000000169e-01
2.670000000000000151e-01
2.660000000000000142e-01
2.654999999999999583e-01
2.644999999999999574e-01
2.644999999999999574e-01
2.630000000000000115e-01
2.620000000000000107e-01
2.604999999999999538e-01
2.600000000000000089e-01
2.574999999999999512e-01
2.554999999999999494e-01
2.544999999999999485e-01
2.530000000000000027e-01
2.514999999999999458e-01
2.500000000000000000e-01
2.495000000000000551e-01
2.489999999999999991e-01
2.485000000000000542e-01
2.479999999999999982e-01
2.465000000000000524e-01
2.445000000000000506e-01
2.449999999999999956e-01
2.439999999999999947e-01
2.439999999999999947e-01
2.425000000000000488e-01
2.415000000000000480e-01
2.415000000000000480e-01
2.409999999999999920e-01
2.409999999999999920e-01
2.405000000000000471e-01
2.405000000000000471e-01
2.395000000000000462e-01
2.385000000000000453e-01
2.375000000000000444e-01
2.365000000000000435e-01
2.359999999999999876e-01
2.349999999999999867e-01
2.339999999999999858e-01
2.335000000000000409e-01
2.325000000000000400e-01
2.319999999999999840e-01
2.309999999999999831e-01
2.299999999999999822e-01
2.279999999999999805e-01
2.275000000000000355e-01
2.265000000000000346e-01
2.245000000000000329e-01
2.245000000000000329e-01
2.235000000000000320e-01
2.239999999999999769e-01
2.229999999999999760e-01
2.235000000000000320e-01
2.225000000000000311e-01
2.229999999999999760e-01
2.225000000000000311e-01
2.219999999999999751e-01
2.209999999999999742e-01
2.209999999999999742e-01
2.209999999999999742e-01
2.199999999999999734e-01
2.209999999999999742e-01
2.169999999999999707e-01
2.195000000000000284e-01
2.155000000000000249e-01
2.225000000000000311e-01
2.125000000000000222e-01
2.299999999999999822e-01
2.129999999999999671e-01
2.355000000000000426e-01
2.219999999999999751e-01
2.375000000000000444e-01
2.255000000000000338e-01
2.389999999999999902e-01
2.245000000000000329e-01
2.379999999999999893e-01
2.205000000000000293e-01
2.345000000000000417e-01
2.189999999999999725e-01
2.335000000000000409e-01
2.175000000000000266e-01
2.339999999999999858e-01
2.159999999999999698e-01
2.319999999999999840e-01
2.155000000000000249e-01
2.285000000000000364e-01
2.139999999999999680e-01
2.255000000000000338e-01
2.109999999999999654e-01
2.239999999999999769e-01
2.085000000000000187e-01
2.229999999999999760e-01
2.069999999999999618e-01
2.219999999999999751e-01
2.059999999999999609e-01
2.209999999999999742e-01
2.039999999999999591e-01
2.199999999999999734e-01
2.029999999999999583e-01
2.155000000000000249e-01
2.015000000000000124e-01
2.155000000000000249e-01
2.005000000000000115e-01
2.135000000000000231e-01
1.989999999999999547e-01
2.129999999999999671e-01
1.975000000000000089e-01
2.115000000000000213e-01
1.965000000000000080e-01
2.105000000000000204e-01
1.949999999999999512e-01
2.099999999999999645e-01
1.945000000000000062e-01
2.085000000000000187e-01
1.939999999999999503e-01
2.079999999999999627e-01
1.929999999999999494e-01
2.059999999999999609e-01
1.909999999999999476e-01
2.045000000000000151e-01
1.895000000000000018e-01
2.025000000000000133e-01
1.895000000000000018e-01
2.019999999999999574e-01
1.889999999999999458e-01
2.015000000000000124e-01
1.879999999999999449e-01
2.009999999999999565e-01
1.870000000000000551e-01
1.985000000000000098e-01
1.850000000000000533e-01
1.969999999999999529e-01
1.844999999999999973e-01
1.949999999999999512e-01
1.844999999999999973e-01
1.939999999999999503e-01
1.844999999999999973e-01
1.925000000000000044e-01
1.840000000000000524e-01
1.909999999999999476e-01
1.830000000000000515e-01
1.909999999999999476e-01
1.824999999999999956e-01
1.899999999999999467e-01
1.814999999999999947e-01
1.889999999999999458e-01
1.810000000000000497e-01
1.879999999999999449e-01
1.790000000000000480e-01
1.875000000000000000e-01
1.780000000000000471e-01
1.840000000000000524e-01
1.780000000000000471e-01
1.830000000000000515e-01
1.770000000000000462e-01
1.810000000000000497e-01
1.760000000000000453e-01
1.780000000000000471e-01
1.760000000000000453e-01
1.764999999999999902e-01
1.750000000000000444e-01
1.760000000000000453e-01
1.744999999999999885e-01
1.750000000000000444e-01
1.734999999999999876e-01
1.750000000000000444e-01
1.740000000000000435e-01
1.754999999999999893e-01
1.740000000000000435e-01
1.740000000000000435e-01
1.704999999999999849e-01
1.740000000000000435e-01
1.700000000000000400e-01
1.714999999999999858e-01
1.694999999999999840e-01
1.720000000000000417e-01
1.700000000000000400e-01
1.704999999999999849e-01
1.700000000000000400e-01
1.700000000000000400e-01
1.690000000000000391e-01
1.700000000000000400e-01
1.680000000000000382e-01
1.674999999999999822e-01
1.664999999999999813e-01
1.664999999999999813e-01
1.650000000000000355e-01
1.654999999999999805e-01
1.640000000000000346e-01
1.640000000000000346e-01
1.640000000000000346e-01
1.634999999999999787e-01
1.634999999999999787e-01
1.620000000000000329e-01
1.634999999999999787e-01
1.610000000000000320e-01
1.620000000000000329e-01
1.610000000000000320e-01
1.610000000000000320e-01
1.604999999999999760e-01
1.604999999999999760e-01
1.600000000000000311e-01
1.600000000000000311e-01
1.594999999999999751e-01
1.590000000000000302e-01
1.590000000000000302e-01
1.580000000000000293e-01
1.594999999999999751e-01
1.574999999999999734e-01
1.590000000000000302e-01
1.560000000000000275e-01
1.584999999999999742e-01
1.554999999999999716e-01
1.580000000000000293e-01
1.550000000000000266e-01
1.574999999999999734e-01
1.544999999999999707e-01
1.574999999999999734e-01
1.530000000000000249e-01
1.570000000000000284e-01
1.524999999999999689e-01
1.544999999999999707e-01
1.530000000000000249e-01
1.544999999999999707e-01
1.514999999999999680e-01
1.540000000000000258e-01
1.514999999999999680e-01
1.530000000000000249e-01
1.514999999999999680e-01
1.524999999999999689e-01
1.514999999999999680e-01
1.524999999999999689e-01
1.514999999999999680e-01
1.520000000000000240e-01
1.504999999999999671e-01
1.514999999999999680e-01
1.500000000000000222e-01
1.514999999999999680e-01
1.500000000000000222e-01
1.510000000000000231e-01
1.480000000000000204e-01
1.504999999999999671e-01
1.474999999999999645e-01
1.484999999999999654e-01
1.470000000000000195e-01
1.484999999999999654e-01
1.464999999999999636e-01
1.480000000000000204e-01
1.464999999999999636e-01
1.480000000000000204e-01
1.460000000000000187e-01
1.464999999999999636e-01
1.444999999999999618e-01
1.454999999999999627e-01
1.440000000000000169e-01
1.440000000000000169e-01
1.430000000000000160e-01
1.440000000000000169e-01
1.430000000000000160e-01
1.444999999999999618e-01
1.420000000000000151e-01
1.434999999999999609e-01
1.420000000000000151e-01
1.434999999999999609e-01
1.414999999999999591e-01
1.430000000000000160e-01
1.404999999999999583e-01
1.430000000000000160e-01
1.404999999999999583e-01
1.420000000000000151e-01
1.404999999999999583e-01
1.400000000000000133e-01
1.394999999999999574e-01
1.390000000000000124e-01
1.384999999999999565e-01
1.390000000000000124e-01
1.384999999999999565e-01
1.384999999999999565e-01
1.374999999999999556e-01
1.374999999999999556e-01
1.364999999999999547e-01
1.370000000000000107e-01
1.364999999999999547e-01
1.370000000000000107e-01
1.364999999999999547e-01
1.364999999999999547e-01
1.360000000000000098e-01
1.354999999999999538e-01
1.350000000000000089e-01
1.354999999999999538e-01
1.340000000000000080e-01
1.354999999999999538e-01
1.334999999999999520e-01
1.350000000000000089e-01
1.330000000000000071e-01
1.340000000000000080e-01
1.330000000000000071e-01
1.334999999999999520e-01
1.324999999999999512e-01
1.324999999999999512e-01
1.320000000000000062e-01
1.324999999999999512e-01
1.320000000000000062e-01
1.314999999999999503e-01
1.304999999999999494e-01
1.310000000000000053e-01
1.310000000000000053e-01
1.310000000000000053e-01
1.294999999999999485e-01
1.294999999999999485e-01
1.294999999999999485e-01
1.294999999999999485e-01
1.294999999999999485e-01
1.294999999999999485e-01
1.294999999999999485e-01
1.294999999999999485e-01
1.290000000000000036e-01
1.280000000000000027e-01
1.280000000000000027e-01
1.280000000000000027e-01
1.280000000000000027e-01
1.280000000000000027e-01
1.280000000000000027e-01
1.280000000000000027e-01
1.280000000000000027e-01
1.280000000000000027e-01
1.280000000000000027e-01
1.280000000000000027e-01
1.274999999999999467e-01
1.264999999999999458e-01
1.270000000000000018e-01
1.270000000000000018e-01
1.274999999999999467e-01
1.264999999999999458e-01
1.270000000000000018e-01
1.270000000000000018e-01
1.264999999999999458e-01
1.264999999999999458e-01
1.264999999999999458e-01
1.260000000000000009e-01
1.260000000000000009e-01
1.254999999999999449e-01
1.254999999999999449e-01
1.254999999999999449e-01
1.254999999999999449e-01
1.250000000000000000e-01
1.245000000000000551e-01
1.245000000000000551e-01
1.245000000000000551e-01
1.239999999999999991e-01
1.239999999999999991e-01
1.239999999999999991e-01
1.239999999999999991e-01
1.239999999999999991e-01
1.245000000000000551e-01
1.245000000000000551e-01
1.245000000000000551e-01
1.245000000000000551e-01
1.239999999999999991e-01
1.239999999999999991e-01
1.235000000000000542e-01
1.225000000000000533e-01
1.225000000000000533e-01
1.225000000000000533e-01
1.225000000000000533e-01
1.215000000000000524e-01
