9.459999999999999520e-01
9.467999999999999750e-01
9.200000000000000400e-01
8.983999999999999764e-01
8.831999999999999851e-01
8.699999999999999956e-01
8.639999999999999902e-01
8.379999999999999671e-01
8.260000000000000675e-01
8.127999999999999670e-01
8.047999999999999599e-01
7.915999999999999703e-01
7.792000000000000037e-01
7.676000000000000600e-01
7.596000000000000529e-01
7.488000000000000211e-01
7.403999999999999471e-01
7.348000000000000087e-01
7.256000000000000227e-01
7.203999999999999293e-01
7.136000000000000121e-01
7.047999999999999821e-01
6.972000000000000419e-01
6.924000000000000155e-01
6.864000000000000101e-01
6.815999999999999837e-01
6.779999999999999361e-01
6.735999999999999766e-01
6.712000000000000188e-01
6.663999999999999924e-01
6.632000000000000117e-01
6.588000000000000522e-01
6.548000000000000487e-01
6.495999999999999552e-01
6.451999999999999957e-01
6.395999999999999464e-01
6.348000000000000309e-01
6.311999999999999833e-01
6.239999999999999991e-01
6.224000000000000643e-01
6.155999999999999250e-01
6.144000000000000572e-01
6.119999999999999885e-01
6.051999999999999602e-01
6.016000000000000236e-01
5.967999999999999972e-01
5.944000000000000394e-01
5.880000000000000782e-01
5.847999999999999865e-01
5.796000000000000041e-01
5.760000000000000675e-01
5.711999999999999300e-01
5.671999999999999265e-01
5.591999999999999194e-01
5.535999999999999810e-01
5.475999999999999757e-01
5.436000000000000831e-01
5.383999999999999897e-01
5.320000000000000284e-01
5.267999999999999350e-01
5.227999999999999314e-01
5.171999999999999931e-01
5.136000000000000565e-01
5.087999999999999190e-01
5.043999999999999595e-01
4.963999999999999524e-01
4.903999999999999471e-01
4.883999999999999453e-01
4.844000000000000528e-01
4.824000000000000510e-01
4.779999999999999805e-01
4.731999999999999540e-01
4.684000000000000385e-01
4.656000000000000139e-01
4.627999999999999892e-01
4.599999999999999645e-01
4.576000000000000068e-01
4.527999999999999803e-01
4.487999999999999767e-01
4.459999999999999520e-01
4.404000000000000137e-01
4.372000000000000330e-01
4.347999999999999643e-01
4.324000000000000066e-01
4.295999999999999819e-01
4.284000000000000030e-01
4.247999999999999554e-01
4.235999999999999766e-01
4.195999999999999730e-01
4.180000000000000382e-01
4.152000000000000135e-01
4.112000000000000099e-01
4.103999999999999870e-01
4.060000000000000275e-01
4.063999999999999835e-01
4.020000000000000240e-01
3.980000000000000204e-01
3.960000000000000187e-01
3.940000000000000169e-01
3.888000000000000345e-01
3.868000000000000327e-01
3.843999999999999639e-01
3.816000000000000503e-01
3.800000000000000044e-01
3.780000000000000027e-01
3.760000000000000009e-01
3.743999999999999551e-01
3.716000000000000414e-01
3.691999999999999726e-01
3.659999999999999920e-01
3.643999999999999462e-01
3.599999999999999867e-01
3.571999999999999620e-01
3.539999999999999813e-01
3.508000000000000007e-01
3.511999999999999567e-01
3.484000000000000430e-01
3.459999999999999742e-01
3.444000000000000394e-01
3.427999999999999936e-01
3.399999999999999689e-01
3.384000000000000341e-01
3.359999999999999654e-01
3.344000000000000306e-01
3.327999999999999847e-01
3.319999999999999618e-01
3.316000000000000059e-01
3.304000000000000270e-01
3.292000000000000481e-01
3.279999999999999583e-01
3.256000000000000005e-01
3.239999999999999547e-01
3.227999999999999758e-01
3.204000000000000181e-01
3.195999999999999952e-01
3.195999999999999952e-01
3.179999999999999494e-01
3.164000000000000146e-01
3.155999999999999917e-01
3.152000000000000357e-01
3.139999999999999458e-01
3.107999999999999652e-01
3.100000000000000533e-01
3.080000000000000515e-01
3.072000000000000286e-01
3.055999999999999828e-01
3.052000000000000268e-01
3.040000000000000480e-01
3.027999999999999581e-01
3.015999999999999792e-01
3.000000000000000444e-01
2.967999999999999527e-01
2.960000000000000409e-01
2.947999999999999510e-01
2.935999999999999721e-01
2.935999999999999721e-01
2.932000000000000162e-01
2.923999999999999932e-01
2.912000000000000144e-01
2.903999999999999915e-01
2.900000000000000355e-01
2.880000000000000338e-01
2.883999999999999897e-01
2.868000000000000549e-01
2.855999999999999650e-01
2.835999999999999632e-01
2.835999999999999632e-01
2.832000000000000073e-01
2.823999999999999844e-01
2.823999999999999844e-01
2.803999999999999826e-01
2.795999999999999597e-01
2.788000000000000478e-01
2.775999999999999579e-01
2.763999999999999790e-01
2.772000000000000020e-01
2.755999999999999561e-01
2.752000000000000002e-01
2.752000000000000002e-01
2.755999999999999561e-01
2.740000000000000213e-01
2.723999999999999755e-01
2.720000000000000195e-01
2.715999999999999526e-01
2.708000000000000407e-01
2.700000000000000178e-01
2.700000000000000178e-01
2.688000000000000389e-01
2.675999999999999490e-01
2.660000000000000142e-01
2.660000000000000142e-01
2.651999999999999913e-01
2.635999999999999455e-01
2.635999999999999455e-01
2.611999999999999877e-01
2.608000000000000318e-01
2.583999999999999631e-01
2.568000000000000282e-01
2.568000000000000282e-01
2.563999999999999613e-01
2.551999999999999824e-01
2.551999999999999824e-01
2.536000000000000476e-01
2.523999999999999577e-01
2.511999999999999789e-01
2.500000000000000000e-01
2.496000000000000441e-01
2.488000000000000211e-01
2.468000000000000194e-01
2.463999999999999524e-01
2.456000000000000405e-01
2.448000000000000176e-01
2.451999999999999735e-01
2.439999999999999947e-01
2.428000000000000158e-01
2.428000000000000158e-01
2.411999999999999700e-01
2.411999999999999700e-01
2.388000000000000123e-01
2.379999999999999893e-01
2.371999999999999664e-01
2.368000000000000105e-01
2.364000000000000545e-01
2.364000000000000545e-01
2.359999999999999876e-01
2.364000000000000545e-01
2.348000000000000087e-01
2.344000000000000528e-01
2.339999999999999858e-01
2.336000000000000298e-01
2.328000000000000069e-01
2.319999999999999840e-01
2.311999999999999611e-01
2.296000000000000263e-01
2.288000000000000034e-01
2.279999999999999805e-01
2.276000000000000245e-01
2.276000000000000245e-01
2.259999999999999787e-01
2.247999999999999998e-01
2.244000000000000439e-01
2.236000000000000210e-01
2.227999999999999980e-01
2.224000000000000421e-01
2.216000000000000192e-01
2.216000000000000192e-01
2.216000000000000192e-01
2.219999999999999751e-01
2.211999999999999522e-01
2.196000000000000174e-01
2.179999999999999716e-01
2.171999999999999487e-01
2.167999999999999927e-01
2.156000000000000139e-01
2.144000000000000350e-01
2.144000000000000350e-01
2.144000000000000350e-01
2.144000000000000350e-01
2.131999999999999451e-01
2.124000000000000332e-01
2.116000000000000103e-01
2.112000000000000544e-01
2.112000000000000544e-01
2.099999999999999645e-01
2.099999999999999645e-01
2.087999999999999856e-01
2.076000000000000068e-01
2.067999999999999838e-01
2.067999999999999838e-01
2.072000000000000508e-01
2.067999999999999838e-01
2.064000000000000279e-01
2.052000000000000490e-01
2.052000000000000490e-01
2.047999999999999821e-01
2.047999999999999821e-01
2.044000000000000261e-01
2.032000000000000473e-01
2.019999999999999574e-01
2.012000000000000455e-01
2.012000000000000455e-01
2.012000000000000455e-01
2.012000000000000455e-01
2.007999999999999785e-01
2.004000000000000226e-01
1.999999999999999556e-01
1.999999999999999556e-01
1.999999999999999556e-01
1.995999999999999996e-01
1.992000000000000437e-01
1.979999999999999538e-01
1.975999999999999979e-01
1.972000000000000419e-01
1.972000000000000419e-01
1.967999999999999750e-01
1.972000000000000419e-01
1.964000000000000190e-01
1.955999999999999961e-01
1.952000000000000401e-01
1.947999999999999732e-01
1.947999999999999732e-01
1.944000000000000172e-01
1.939999999999999503e-01
1.927999999999999714e-01
1.932000000000000384e-01
1.932000000000000384e-01
1.927999999999999714e-01
1.919999999999999485e-01
1.912000000000000366e-01
1.907999999999999696e-01
1.912000000000000366e-01
1.904000000000000137e-01
1.895999999999999908e-01
1.887999999999999678e-01
1.887999999999999678e-01
1.884000000000000119e-01
1.872000000000000330e-01
1.875999999999999890e-01
1.872000000000000330e-01
1.867999999999999661e-01
1.860000000000000542e-01
1.855999999999999872e-01
1.855999999999999872e-01
1.847999999999999643e-01
1.844000000000000083e-01
1.844000000000000083e-01
1.844000000000000083e-01
1.835999999999999854e-01
1.832000000000000295e-01
1.827999999999999625e-01
1.827999999999999625e-01
1.827999999999999625e-01
1.820000000000000506e-01
1.820000000000000506e-01
1.820000000000000506e-01
1.815999999999999837e-01
1.815999999999999837e-01
1.815999999999999837e-01
1.807999999999999607e-01
1.807999999999999607e-01
1.795999999999999819e-01
1.787999999999999590e-01
1.787999999999999590e-01
1.787999999999999590e-01
1.787999999999999590e-01
1.784000000000000030e-01
1.775999999999999801e-01
1.775999999999999801e-01
1.767999999999999572e-01
1.764000000000000012e-01
1.764000000000000012e-01
1.767999999999999572e-01
1.767999999999999572e-01
1.755999999999999783e-01
1.752000000000000224e-01
1.740000000000000435e-01
1.740000000000000435e-01
1.735999999999999766e-01
1.732000000000000206e-01
1.732000000000000206e-01
1.723999999999999977e-01
1.727999999999999536e-01
1.732000000000000206e-01
1.723999999999999977e-01
1.723999999999999977e-01
1.715999999999999748e-01
1.715999999999999748e-01
1.715999999999999748e-01
1.712000000000000188e-01
1.707999999999999519e-01
1.703999999999999959e-01
1.700000000000000400e-01
1.687999999999999501e-01
1.683999999999999941e-01
1.692000000000000171e-01
1.692000000000000171e-01
1.692000000000000171e-01
1.692000000000000171e-01
1.687999999999999501e-01
1.687999999999999501e-01
1.692000000000000171e-01
1.687999999999999501e-01
1.680000000000000382e-01
1.680000000000000382e-01
1.675999999999999712e-01
1.672000000000000153e-01
1.675999999999999712e-01
1.675999999999999712e-01
1.672000000000000153e-01
1.663999999999999924e-01
1.663999999999999924e-01
1.663999999999999924e-01
1.663999999999999924e-01
1.660000000000000364e-01
1.660000000000000364e-01
1.655999999999999694e-01
1.655999999999999694e-01
1.655999999999999694e-01
1.655999999999999694e-01
1.655999999999999694e-01
1.652000000000000135e-01
1.647999999999999465e-01
1.640000000000000346e-01
1.632000000000000117e-01
1.627999999999999448e-01
1.615999999999999659e-01
1.615999999999999659e-01
1.615999999999999659e-01
1.615999999999999659e-01
1.615999999999999659e-01
1.612000000000000099e-01
1.603999999999999870e-01
1.600000000000000311e-01
1.595999999999999641e-01
1.583999999999999853e-01
1.580000000000000293e-01
1.580000000000000293e-01
1.580000000000000293e-01
1.580000000000000293e-01
1.575999999999999623e-01
1.575999999999999623e-01
1.575999999999999623e-01
1.572000000000000064e-01
1.568000000000000504e-01
1.563999999999999835e-01
1.560000000000000275e-01
1.555999999999999606e-01
1.552000000000000046e-01
1.552000000000000046e-01
1.552000000000000046e-01
1.548000000000000487e-01
1.548000000000000487e-01
1.548000000000000487e-01
1.548000000000000487e-01
1.548000000000000487e-01
1.540000000000000258e-01
1.535999999999999588e-01
1.535999999999999588e-01
1.528000000000000469e-01
1.528000000000000469e-01
1.532000000000000028e-01
1.523999999999999799e-01
1.523999999999999799e-01
1.528000000000000469e-01
1.528000000000000469e-01
1.528000000000000469e-01
1.528000000000000469e-01
1.528000000000000469e-01
1.528000000000000469e-01
1.523999999999999799e-01
1.523999999999999799e-01
1.523999999999999799e-01
1.520000000000000240e-01
1.520000000000000240e-01
1.520000000000000240e-01
1.508000000000000451e-01
1.503999999999999782e-01
1.503999999999999782e-01
1.500000000000000222e-01
1.500000000000000222e-01
1.500000000000000222e-01
1.495999999999999552e-01
1.495999999999999552e-01
1.488000000000000433e-01
1.488000000000000433e-01
1.475999999999999535e-01
1.475999999999999535e-01
1.475999999999999535e-01
1.475999999999999535e-01
1.475999999999999535e-01
1.475999999999999535e-01
1.475999999999999535e-01
1.475999999999999535e-01
1.468000000000000416e-01
1.468000000000000416e-01
1.468000000000000416e-01
1.463999999999999746e-01
1.468000000000000416e-01
1.463999999999999746e-01
1.463999999999999746e-01
1.460000000000000187e-01
1.455999999999999517e-01
1.451999999999999957e-01
1.451999999999999957e-01
1.451999999999999957e-01
1.448000000000000398e-01
1.448000000000000398e-01
1.440000000000000169e-01
1.435999999999999499e-01
1.435999999999999499e-01
1.435999999999999499e-01
1.428000000000000380e-01
1.420000000000000151e-01
1.420000000000000151e-01
1.415999999999999481e-01
1.415999999999999481e-01
1.415999999999999481e-01
1.415999999999999481e-01
1.415999999999999481e-01
1.411999999999999922e-01
