9.230000000000000426e-01
9.429999999999999494e-01
9.040000000000000258e-01
8.820000000000000062e-01
8.679999999999999938e-01
8.509999999999999787e-01
8.349999999999999645e-01
8.220000000000000639e-01
8.100000000000000533e-01
8.040000000000000480e-01
7.980000000000000426e-01
7.920000000000000373e-01
7.840000000000000302e-01
7.830000000000000293e-01
7.820000000000000284e-01
7.830000000000000293e-01
7.790000000000000258e-01
7.760000000000000231e-01
7.740000000000000213e-01
7.690000000000000169e-01
7.620000000000000107e-01
7.600000000000000089e-01
7.550000000000000044e-01
7.560000000000000053e-01
7.500000000000000000e-01
7.469999999999999973e-01
7.439999999999999947e-01
7.439999999999999947e-01
7.199999999999999734e-01
7.159999999999999698e-01
7.150000000000000799e-01
7.079999999999999627e-01
7.030000000000000693e-01
7.010000000000000675e-01
6.939999999999999503e-01
6.890000000000000568e-01
6.850000000000000533e-01
6.750000000000000444e-01
6.719999999999999307e-01
6.699999999999999289e-01
6.690000000000000391e-01
6.670000000000000373e-01
6.630000000000000338e-01
6.610000000000000320e-01
6.579999999999999183e-01
6.530000000000000249e-01
6.490000000000000213e-01
6.440000000000000169e-01
6.440000000000000169e-01
6.400000000000000133e-01
6.350000000000000089e-01
6.300000000000000044e-01
6.250000000000000000e-01
6.159999999999999920e-01
6.129999999999999893e-01
6.099999999999999867e-01
6.099999999999999867e-01
6.049999999999999822e-01
5.999999999999999778e-01
5.969999999999999751e-01
5.889999999999999680e-01
5.849999999999999645e-01
5.820000000000000728e-01
5.829999999999999627e-01
5.800000000000000711e-01
5.729999999999999538e-01
5.660000000000000586e-01
5.580000000000000515e-01
5.540000000000000480e-01
5.489999999999999325e-01
5.460000000000000409e-01
5.409999999999999254e-01
5.400000000000000355e-01
5.329999999999999183e-01
5.280000000000000249e-01
5.240000000000000213e-01
5.200000000000000178e-01
5.140000000000000124e-01
5.120000000000000107e-01
5.080000000000000071e-01
4.969999999999999973e-01
4.949999999999999956e-01
4.949999999999999956e-01
4.909999999999999920e-01
4.859999999999999876e-01
4.849999999999999867e-01
4.809999999999999831e-01
4.789999999999999813e-01
4.759999999999999787e-01
4.709999999999999742e-01
4.589999999999999636e-01
4.559999999999999609e-01
4.509999999999999565e-01
4.479999999999999538e-01
4.409999999999999476e-01
4.399999999999999467e-01
4.379999999999999449e-01
4.280000000000000471e-01
4.260000000000000453e-01
4.240000000000000435e-01
4.210000000000000409e-01
4.180000000000000382e-01
4.150000000000000355e-01
4.140000000000000346e-01
4.100000000000000311e-01
4.060000000000000275e-01
4.050000000000000266e-01
3.990000000000000213e-01
3.970000000000000195e-01
3.940000000000000169e-01
3.920000000000000151e-01
3.880000000000000115e-01
3.850000000000000089e-01
3.810000000000000053e-01
3.780000000000000027e-01
3.750000000000000000e-01
3.760000000000000009e-01
3.750000000000000000e-01
3.739999999999999991e-01
3.719999999999999973e-01
3.689999999999999947e-01
3.669999999999999929e-01
3.649999999999999911e-01
3.629999999999999893e-01
3.589999999999999858e-01
3.569999999999999840e-01
3.569999999999999840e-01
3.559999999999999831e-01
3.519999999999999796e-01
3.469999999999999751e-01
3.449999999999999734e-01
3.409999999999999698e-01
3.369999999999999662e-01
3.339999999999999636e-01
3.319999999999999618e-01
3.269999999999999574e-01
3.239999999999999547e-01
3.209999999999999520e-01
3.189999999999999503e-01
3.169999999999999485e-01
3.159999999999999476e-01
3.129999999999999449e-01
3.110000000000000542e-01
3.080000000000000515e-01
3.070000000000000506e-01
3.050000000000000488e-01
3.060000000000000497e-01
3.040000000000000480e-01
3.040000000000000480e-01
3.020000000000000462e-01
3.010000000000000453e-01
3.010000000000000453e-01
3.010000000000000453e-01
3.000000000000000444e-01
2.970000000000000417e-01
2.950000000000000400e-01
2.920000000000000373e-01
2.900000000000000355e-01
2.900000000000000355e-01
2.870000000000000329e-01
2.860000000000000320e-01
2.840000000000000302e-01
2.800000000000000266e-01
2.790000000000000258e-01
2.780000000000000249e-01
2.780000000000000249e-01
2.740000000000000213e-01
2.720000000000000195e-01
2.710000000000000187e-01
2.680000000000000160e-01
2.680000000000000160e-01
2.680000000000000160e-01
2.660000000000000142e-01
2.670000000000000151e-01
2.680000000000000160e-01
2.680000000000000160e-01
2.660000000000000142e-01
2.670000000000000151e-01
2.650000000000000133e-01
2.650000000000000133e-01
2.660000000000000142e-01
2.650000000000000133e-01
2.620000000000000107e-01
2.610000000000000098e-01
2.610000000000000098e-01
2.590000000000000080e-01
2.570000000000000062e-01
2.560000000000000053e-01
2.540000000000000036e-01
2.540000000000000036e-01
2.520000000000000018e-01
2.500000000000000000e-01
2.500000000000000000e-01
2.489999999999999991e-01
2.489999999999999991e-01
2.489999999999999991e-01
2.469999999999999973e-01
2.459999999999999964e-01
2.459999999999999964e-01
2.429999999999999938e-01
2.419999999999999929e-01
2.389999999999999902e-01
2.369999999999999885e-01
2.369999999999999885e-01
2.359999999999999876e-01
2.349999999999999867e-01
2.339999999999999858e-01
2.349999999999999867e-01
2.349999999999999867e-01
2.349999999999999867e-01
2.339999999999999858e-01
2.339999999999999858e-01
2.339999999999999858e-01
2.329999999999999849e-01
2.339999999999999858e-01
2.319999999999999840e-01
2.309999999999999831e-01
2.309999999999999831e-01
2.309999999999999831e-01
2.309999999999999831e-01
2.289999999999999813e-01
2.279999999999999805e-01
2.279999999999999805e-01
2.279999999999999805e-01
2.279999999999999805e-01
2.269999999999999796e-01
2.249999999999999778e-01
2.249999999999999778e-01
2.229999999999999760e-01
2.229999999999999760e-01
2.229999999999999760e-01
2.219999999999999751e-01
2.209999999999999742e-01
2.209999999999999742e-01
2.199999999999999734e-01
2.199999999999999734e-01
2.189999999999999725e-01
2.189999999999999725e-01
2.179999999999999716e-01
2.169999999999999707e-01
2.159999999999999698e-01
2.149999999999999689e-01
2.139999999999999680e-01
2.139999999999999680e-01
2.139999999999999680e-01
2.129999999999999671e-01
2.129999999999999671e-01
2.119999999999999662e-01
2.109999999999999654e-01
2.109999999999999654e-01
2.089999999999999636e-01
2.079999999999999627e-01
2.059999999999999609e-01
2.049999999999999600e-01
2.019999999999999574e-01
2.019999999999999574e-01
2.019999999999999574e-01
2.019999999999999574e-01
1.999999999999999556e-01
1.989999999999999547e-01
1.989999999999999547e-01
1.969999999999999529e-01
1.959999999999999520e-01
1.949999999999999512e-01
1.949999999999999512e-01
1.949999999999999512e-01
1.949999999999999512e-01
1.949999999999999512e-01
1.939999999999999503e-01
1.929999999999999494e-01
1.919999999999999485e-01
1.909999999999999476e-01
1.909999999999999476e-01
1.889999999999999458e-01
1.889999999999999458e-01
1.889999999999999458e-01
1.889999999999999458e-01
1.889999999999999458e-01
1.889999999999999458e-01
1.879999999999999449e-01
1.850000000000000533e-01
1.850000000000000533e-01
1.830000000000000515e-01
1.830000000000000515e-01
1.830000000000000515e-01
1.830000000000000515e-01
1.810000000000000497e-01
1.810000000000000497e-01
1.790000000000000480e-01
1.770000000000000462e-01
1.760000000000000453e-01
1.770000000000000462e-01
1.770000000000000462e-01
1.730000000000000426e-01
1.730000000000000426e-01
1.730000000000000426e-01
1.730000000000000426e-01
1.720000000000000417e-01
1.730000000000000426e-01
1.710000000000000409e-01
1.710000000000000409e-01
1.710000000000000409e-01
1.700000000000000400e-01
1.700000000000000400e-01
1.700000000000000400e-01
1.690000000000000391e-01
1.690000000000000391e-01
1.670000000000000373e-01
1.660000000000000364e-01
1.650000000000000355e-01
1.650000000000000355e-01
1.650000000000000355e-01
1.650000000000000355e-01
1.650000000000000355e-01
1.640000000000000346e-01
1.640000000000000346e-01
1.640000000000000346e-01
1.630000000000000338e-01
1.630000000000000338e-01
1.610000000000000320e-01
1.610000000000000320e-01
1.610000000000000320e-01
1.610000000000000320e-01
1.600000000000000311e-01
1.600000000000000311e-01
1.590000000000000302e-01
1.580000000000000293e-01
1.580000000000000293e-01
1.580000000000000293e-01
1.580000000000000293e-01
1.570000000000000284e-01
1.560000000000000275e-01
1.560000000000000275e-01
1.560000000000000275e-01
1.560000000000000275e-01
1.560000000000000275e-01
1.560000000000000275e-01
1.550000000000000266e-01
1.550000000000000266e-01
1.550000000000000266e-01
1.530000000000000249e-01
1.500000000000000222e-01
1.500000000000000222e-01
1.490000000000000213e-01
1.470000000000000195e-01
1.470000000000000195e-01
1.470000000000000195e-01
1.460000000000000187e-01
1.450000000000000178e-01
1.450000000000000178e-01
1.450000000000000178e-01
1.440000000000000169e-01
1.440000000000000169e-01
1.430000000000000160e-01
1.430000000000000160e-01
1.430000000000000160e-01
1.430000000000000160e-01
1.430000000000000160e-01
1.430000000000000160e-01
1.430000000000000160e-01
1.420000000000000151e-01
1.410000000000000142e-01
1.410000000000000142e-01
1.400000000000000133e-01
1.400000000000000133e-01
1.390000000000000124e-01
1.380000000000000115e-01
1.380000000000000115e-01
1.380000000000000115e-01
1.380000000000000115e-01
1.390000000000000124e-01
1.390000000000000124e-01
1.390000000000000124e-01
1.390000000000000124e-01
1.380000000000000115e-01
1.370000000000000107e-01
1.360000000000000098e-01
1.360000000000000098e-01
1.360000000000000098e-01
1.360000000000000098e-01
1.360000000000000098e-01
1.360000000000000098e-01
1.360000000000000098e-01
1.350000000000000089e-01
1.350000000000000089e-01
1.340000000000000080e-01
1.340000000000000080e-01
1.340000000000000080e-01
1.340000000000000080e-01
1.340000000000000080e-01
1.340000000000000080e-01
1.350000000000000089e-01
1.330000000000000071e-01
1.330000000000000071e-01
1.320000000000000062e-01
1.320000000000000062e-01
1.320000000000000062e-01
1.330000000000000071e-01
1.320000000000000062e-01
1.310000000000000053e-01
1.300000000000000044e-01
1.300000000000000044e-01
1.300000000000000044e-01
1.290000000000000036e-01
1.290000000000000036e-01
1.290000000000000036e-01
1.290000000000000036e-01
1.290000000000000036e-01
1.280000000000000027e-01
1.280000000000000027e-01
1.270000000000000018e-01
1.270000000000000018e-01
1.260000000000000009e-01
1.260000000000000009e-01
1.260000000000000009e-01
1.260000000000000009e-01
1.260000000000000009e-01
1.260000000000000009e-01
1.260000000000000009e-01
1.260000000000000009e-01
1.250000000000000000e-01
1.250000000000000000e-01
1.239999999999999991e-01
1.239999999999999991e-01
1.239999999999999991e-01
1.229999999999999982e-01
1.229999999999999982e-01
1.229999999999999982e-01
1.229999999999999982e-01
1.219999999999999973e-01
1.209999999999999964e-01
1.209999999999999964e-01
1.209999999999999964e-01
1.209999999999999964e-01
1.199999999999999956e-01
1.189999999999999947e-01
1.179999999999999938e-01
1.179999999999999938e-01
1.159999999999999920e-01
1.159999999999999920e-01
1.139999999999999902e-01
1.129999999999999893e-01
1.129999999999999893e-01
1.129999999999999893e-01
1.129999999999999893e-01
1.129999999999999893e-01
1.129999999999999893e-01
1.129999999999999893e-01
1.119999999999999885e-01
1.119999999999999885e-01
1.109999999999999876e-01
1.099999999999999867e-01
1.099999999999999867e-01
1.099999999999999867e-01
1.099999999999999867e-01
1.099999999999999867e-01
1.099999999999999867e-01
1.079999999999999849e-01
1.069999999999999840e-01
1.069999999999999840e-01
1.059999999999999831e-01
1.049999999999999822e-01
1.039999999999999813e-01
1.039999999999999813e-01
1.039999999999999813e-01
1.039999999999999813e-01
1.039999999999999813e-01
1.039999999999999813e-01
1.039999999999999813e-01
1.039999999999999813e-01
1.039999999999999813e-01
1.039999999999999813e-01
1.039999999999999813e-01
1.039999999999999813e-01
1.039999999999999813e-01
1.039999999999999813e-01
1.029999999999999805e-01
1.039999999999999813e-01
1.019999999999999796e-01
9.999999999999997780e-02
1.009999999999999787e-01
9.999999999999997780e-02
9.899999999999997691e-02
9.899999999999997691e-02
9.799999999999997602e-02
9.699999999999997513e-02
9.599999999999997424e-02
9.599999999999997424e-02
9.599999999999997424e-02
9.599999999999997424e-02
9.599999999999997424e-02
9.599999999999997424e-02
9.599999999999997424e-02
9.599999999999997424e-02
9.599999999999997424e-02
9.499999999999997335e-02
9.499999999999997335e-02
9.399999999999997247e-02
9.399999999999997247e-02
9.199999999999997069e-02
