9.425000000000000044e-01
9.330000000000000515e-01
9.102500000000000036e-01
8.957500000000000462e-01
8.844999999999999529e-01
8.750000000000000000e-01
8.687500000000000222e-01
8.665000000000000480e-01
8.639999999999999902e-01
8.567500000000000115e-01
8.495000000000000329e-01
8.449999999999999734e-01
8.114999999999999991e-01
8.032500000000000195e-01
7.977499999999999591e-01
7.914999999999999813e-01
7.884999999999999787e-01
7.852500000000000036e-01
7.764999999999999680e-01
7.730000000000000204e-01
7.690000000000000169e-01
7.655000000000000693e-01
7.615000000000000657e-01
7.570000000000000062e-01
7.542499999999999760e-01
7.477500000000000258e-01
7.437500000000000222e-01
7.409999999999999920e-01
7.397500000000000187e-01
7.395000000000000462e-01
7.362500000000000711e-01
7.352499999999999591e-01
7.322500000000000675e-01
7.295000000000000373e-01
7.255000000000000338e-01
7.209999999999999742e-01
7.162500000000000533e-01
7.152499999999999414e-01
7.125000000000000222e-01
7.102500000000000480e-01
7.075000000000000178e-01
7.055000000000000160e-01
7.050000000000000711e-01
7.019999999999999574e-01
6.967499999999999805e-01
6.947499999999999787e-01
6.919999999999999485e-01
6.875000000000000000e-01
6.827499999999999680e-01
6.774999999999999911e-01
6.754999999999999893e-01
6.692500000000000115e-01
6.664999999999999813e-01
6.622500000000000053e-01
6.570000000000000284e-01
6.512499999999999956e-01
6.450000000000000178e-01
6.317500000000000338e-01
6.272499999999999742e-01
6.207500000000000240e-01
6.169999999999999929e-01
6.127500000000000169e-01
6.067500000000000115e-01
6.012500000000000622e-01
5.979999999999999760e-01
5.952500000000000568e-01
5.939999999999999725e-01
5.915000000000000258e-01
5.825000000000000178e-01
5.789999999999999591e-01
5.740000000000000657e-01
5.697499999999999787e-01
5.667499999999999760e-01
5.642499999999999183e-01
5.612500000000000266e-01
5.582500000000000240e-01
5.547500000000000764e-01
5.504999999999999893e-01
5.464999999999999858e-01
5.434999999999999831e-01
5.397499999999999520e-01
5.372500000000000053e-01
5.340000000000000302e-01
5.307500000000000551e-01
5.292499999999999982e-01
5.280000000000000249e-01
5.240000000000000213e-01
5.184999999999999609e-01
5.135000000000000675e-01
5.110000000000000098e-01
5.062499999999999778e-01
5.020000000000000018e-01
4.985000000000000542e-01
4.935000000000000497e-01
4.889999999999999902e-01
4.862499999999999600e-01
4.822499999999999565e-01
4.792499999999999538e-01
4.752499999999999503e-01
4.715000000000000302e-01
4.662500000000000533e-01
4.602500000000000480e-01
4.539999999999999591e-01
4.512500000000000400e-01
4.482500000000000373e-01
4.445000000000000062e-01
4.409999999999999476e-01
4.370000000000000551e-01
4.332500000000000240e-01
4.300000000000000488e-01
4.240000000000000435e-01
4.190000000000000391e-01
4.137499999999999512e-01
4.090000000000000302e-01
4.057500000000000551e-01
4.024999999999999689e-01
4.002499999999999947e-01
3.964999999999999636e-01
3.940000000000000169e-01
3.892499999999999849e-01
3.874999999999999556e-01
3.830000000000000071e-01
3.800000000000000044e-01
3.772499999999999742e-01
3.750000000000000000e-01
3.729999999999999982e-01
3.715000000000000524e-01
3.689999999999999947e-01
3.675000000000000488e-01
3.667500000000000204e-01
3.632499999999999618e-01
3.617500000000000160e-01
3.595000000000000417e-01
3.569999999999999840e-01
3.537500000000000089e-01
3.517500000000000071e-01
3.485000000000000320e-01
3.482499999999999485e-01
3.457500000000000018e-01
3.439999999999999725e-01
3.429999999999999716e-01
3.425000000000000266e-01
3.409999999999999698e-01
3.399999999999999689e-01
3.395000000000000240e-01
3.387499999999999956e-01
3.372500000000000497e-01
3.372500000000000497e-01
3.365000000000000213e-01
3.347499999999999920e-01
3.332500000000000462e-01
3.315000000000000169e-01
3.312500000000000444e-01
3.295000000000000151e-01
3.289999999999999591e-01
3.277499999999999858e-01
3.275000000000000133e-01
3.255000000000000115e-01
3.242500000000000382e-01
3.225000000000000089e-01
3.212500000000000355e-01
3.197499999999999787e-01
3.179999999999999494e-01
3.167499999999999760e-01
3.155000000000000027e-01
3.137499999999999734e-01
3.127499999999999725e-01
3.120000000000000551e-01
3.092500000000000249e-01
3.077499999999999680e-01
3.060000000000000497e-01
3.052500000000000213e-01
3.030000000000000471e-01
3.027499999999999636e-01
3.022500000000000187e-01
3.012500000000000178e-01
2.997499999999999609e-01
2.990000000000000435e-01
2.984999999999999876e-01
2.972500000000000142e-01
2.970000000000000417e-01
2.967499999999999583e-01
2.960000000000000409e-01
2.954999999999999849e-01
2.940000000000000391e-01
2.910000000000000364e-01
2.902500000000000080e-01
2.904999999999999805e-01
2.884999999999999787e-01
2.877499999999999503e-01
2.872500000000000053e-01
2.867499999999999494e-01
2.860000000000000320e-01
2.840000000000000302e-01
2.832500000000000018e-01
2.822500000000000009e-01
2.814999999999999725e-01
2.807500000000000551e-01
2.810000000000000275e-01
2.800000000000000266e-01
2.792499999999999982e-01
2.784999999999999698e-01
2.782499999999999973e-01
2.767500000000000515e-01
2.762499999999999956e-01
2.754999999999999671e-01
2.747500000000000497e-01
2.730000000000000204e-01
2.707500000000000462e-01
2.700000000000000178e-01
2.700000000000000178e-01
2.694999999999999618e-01
2.692499999999999893e-01
2.700000000000000178e-01
2.697500000000000453e-01
2.692499999999999893e-01
2.687500000000000444e-01
2.680000000000000160e-01
2.672499999999999876e-01
2.672499999999999876e-01
2.664999999999999591e-01
2.647500000000000409e-01
2.640000000000000124e-01
2.630000000000000115e-01
2.622499999999999831e-01
2.620000000000000107e-01
2.607500000000000373e-01
2.600000000000000089e-01
2.600000000000000089e-01
2.600000000000000089e-01
2.592499999999999805e-01
2.582499999999999796e-01
2.574999999999999512e-01
2.577500000000000346e-01
2.570000000000000062e-01
2.564999999999999503e-01
2.564999999999999503e-01
2.562499999999999778e-01
2.557500000000000329e-01
2.550000000000000044e-01
2.547500000000000320e-01
2.540000000000000036e-01
2.534999999999999476e-01
2.532499999999999751e-01
2.530000000000000027e-01
2.522499999999999742e-01
2.512499999999999734e-01
2.512499999999999734e-01
2.507500000000000284e-01
2.497500000000000275e-01
2.492499999999999716e-01
2.487500000000000266e-01
2.479999999999999982e-01
2.472499999999999698e-01
2.457500000000000240e-01
2.447500000000000231e-01
2.437500000000000222e-01
2.429999999999999938e-01
2.425000000000000488e-01
2.422499999999999654e-01
2.412499999999999645e-01
2.412499999999999645e-01
2.409999999999999920e-01
2.409999999999999920e-01
2.397500000000000187e-01
2.392499999999999627e-01
2.385000000000000453e-01
2.389999999999999902e-01
2.379999999999999893e-01
2.375000000000000444e-01
2.369999999999999885e-01
2.372499999999999609e-01
2.372499999999999609e-01
2.365000000000000435e-01
2.359999999999999876e-01
2.357500000000000151e-01
2.355000000000000426e-01
2.347500000000000142e-01
2.347500000000000142e-01
2.347500000000000142e-01
2.339999999999999858e-01
2.339999999999999858e-01
2.327500000000000124e-01
2.322499999999999565e-01
2.322499999999999565e-01
2.322499999999999565e-01
2.319999999999999840e-01
2.319999999999999840e-01
2.312499999999999556e-01
2.315000000000000391e-01
2.312499999999999556e-01
2.315000000000000391e-01
2.312499999999999556e-01
2.307500000000000107e-01
2.305000000000000382e-01
2.302499999999999547e-01
2.295000000000000373e-01
2.287500000000000089e-01
2.279999999999999805e-01
2.269999999999999796e-01
2.272499999999999520e-01
2.265000000000000346e-01
2.252499999999999503e-01
2.247500000000000053e-01
2.245000000000000329e-01
2.245000000000000329e-01
2.239999999999999769e-01
2.235000000000000320e-01
2.232499999999999485e-01
2.232499999999999485e-01
2.227500000000000036e-01
2.225000000000000311e-01
2.215000000000000302e-01
2.212499999999999467e-01
2.209999999999999742e-01
2.215000000000000302e-01
2.209999999999999742e-01
2.202499999999999458e-01
2.199999999999999734e-01
2.197500000000000009e-01
2.192499999999999449e-01
2.182500000000000551e-01
2.185000000000000275e-01
2.175000000000000266e-01
2.182500000000000551e-01
2.169999999999999707e-01
2.187500000000000000e-01
2.165000000000000258e-01
2.182500000000000551e-01
2.157499999999999973e-01
2.167499999999999982e-01
2.159999999999999698e-01
2.177499999999999991e-01
2.162500000000000533e-01
2.185000000000000275e-01
2.175000000000000266e-01
2.195000000000000284e-01
2.207500000000000018e-01
2.232499999999999485e-01
2.195000000000000284e-01
2.237500000000000044e-01
2.242499999999999494e-01
2.265000000000000346e-01
2.269999999999999796e-01
2.292499999999999538e-01
2.319999999999999840e-01
2.317500000000000115e-01
2.347500000000000142e-01
2.325000000000000400e-01
2.347500000000000142e-01
2.325000000000000400e-01
2.335000000000000409e-01
2.317500000000000115e-01
2.325000000000000400e-01
2.299999999999999822e-01
2.305000000000000382e-01
2.282499999999999529e-01
2.287500000000000089e-01
2.275000000000000355e-01
2.245000000000000329e-01
2.267500000000000071e-01
2.217500000000000027e-01
2.249999999999999778e-01
2.189999999999999725e-01
2.227500000000000036e-01
2.155000000000000249e-01
2.197500000000000009e-01
2.152500000000000524e-01
2.177499999999999991e-01
2.135000000000000231e-01
2.167499999999999982e-01
2.129999999999999671e-01
2.142500000000000515e-01
2.115000000000000213e-01
2.125000000000000222e-01
2.109999999999999654e-01
2.122500000000000497e-01
2.107499999999999929e-01
2.115000000000000213e-01
2.097499999999999920e-01
2.105000000000000204e-01
2.095000000000000195e-01
2.095000000000000195e-01
2.089999999999999636e-01
2.079999999999999627e-01
2.085000000000000187e-01
2.072500000000000453e-01
2.077499999999999902e-01
2.067499999999999893e-01
2.072500000000000453e-01
2.052500000000000435e-01
2.057499999999999885e-01
2.047499999999999876e-01
2.055000000000000160e-01
2.037499999999999867e-01
2.045000000000000151e-01
2.019999999999999574e-01
2.039999999999999591e-01
2.012500000000000400e-01
2.037499999999999867e-01
2.012500000000000400e-01
2.027499999999999858e-01
2.012500000000000400e-01
2.025000000000000133e-01
2.009999999999999565e-01
2.019999999999999574e-01
2.002500000000000391e-01
2.015000000000000124e-01
1.992500000000000382e-01
2.017499999999999849e-01
1.987499999999999822e-01
2.012500000000000400e-01
1.977499999999999813e-01
1.995000000000000107e-01
1.969999999999999529e-01
1.987499999999999822e-01
1.972500000000000364e-01
1.985000000000000098e-01
1.967499999999999805e-01
1.979999999999999538e-01
1.967499999999999805e-01
1.977499999999999813e-01
1.962500000000000355e-01
1.972500000000000364e-01
1.947499999999999787e-01
1.967499999999999805e-01
1.927499999999999769e-01
1.965000000000000080e-01
1.925000000000000044e-01
1.959999999999999520e-01
1.909999999999999476e-01
1.959999999999999520e-01
1.902500000000000302e-01
1.955000000000000071e-01
1.897499999999999742e-01
1.952500000000000346e-01
1.892500000000000293e-01
1.945000000000000062e-01
1.887499999999999734e-01
1.945000000000000062e-01
1.887499999999999734e-01
1.942500000000000338e-01
1.885000000000000009e-01
1.937499999999999778e-01
1.879999999999999449e-01
1.932500000000000329e-01
1.872500000000000275e-01
1.925000000000000044e-01
1.870000000000000551e-01
1.925000000000000044e-01
1.862500000000000266e-01
1.917499999999999760e-01
1.854999999999999982e-01
1.912500000000000311e-01
1.854999999999999982e-01
1.909999999999999476e-01
1.852500000000000258e-01
1.897499999999999742e-01
1.850000000000000533e-01
1.889999999999999458e-01
1.847499999999999698e-01
1.875000000000000000e-01
1.827499999999999680e-01
1.862500000000000266e-01
1.817499999999999671e-01
1.857499999999999707e-01
1.800000000000000488e-01
1.852500000000000258e-01
1.787499999999999645e-01
1.844999999999999973e-01
1.784999999999999920e-01
1.840000000000000524e-01
1.777499999999999636e-01
1.832500000000000240e-01
1.772500000000000187e-01
1.822500000000000231e-01
1.767499999999999627e-01
1.810000000000000497e-01
1.762500000000000178e-01
1.807499999999999662e-01
1.752500000000000169e-01
1.797499999999999654e-01
1.747499999999999609e-01
1.797499999999999654e-01
1.737499999999999600e-01
1.790000000000000480e-01
1.734999999999999876e-01
1.784999999999999920e-01
1.732500000000000151e-01
1.782500000000000195e-01
1.732500000000000151e-01
1.780000000000000471e-01
1.730000000000000426e-01
1.772500000000000187e-01
1.722500000000000142e-01
1.764999999999999902e-01
1.720000000000000417e-01
1.757499999999999618e-01
1.712500000000000133e-01
1.754999999999999893e-01
