9.010000000000000231e-01
8.990000000000000213e-01
8.800000000000000044e-01
8.619999999999999885e-01
8.429999999999999716e-01
8.319999999999999618e-01
8.160000000000000586e-01
7.980000000000000426e-01
7.870000000000000329e-01
7.700000000000000178e-01
7.560000000000000053e-01
7.409999999999999920e-01
7.309999999999999831e-01
7.199999999999999734e-01
7.070000000000000728e-01
6.970000000000000639e-01
6.919999999999999485e-01
6.859999999999999432e-01
6.799999999999999378e-01
6.719999999999999307e-01
6.650000000000000355e-01
6.530000000000000249e-01
6.430000000000000160e-01
6.320000000000000062e-01
6.219999999999999973e-01
6.179999999999999938e-01
6.169999999999999929e-01
6.149999999999999911e-01
6.109999999999999876e-01
6.039999999999999813e-01
5.949999999999999734e-01
5.860000000000000764e-01
5.820000000000000728e-01
5.760000000000000675e-01
5.680000000000000604e-01
5.600000000000000533e-01
5.529999999999999361e-01
5.460000000000000409e-01
5.409999999999999254e-01
5.349999999999999201e-01
5.320000000000000284e-01
5.280000000000000249e-01
5.220000000000000195e-01
5.170000000000000151e-01
5.130000000000000115e-01
5.090000000000000080e-01
5.070000000000000062e-01
5.070000000000000062e-01
5.050000000000000044e-01
5.040000000000000036e-01
5.000000000000000000e-01
4.989999999999999991e-01
4.959999999999999964e-01
4.919999999999999929e-01
4.879999999999999893e-01
4.859999999999999876e-01
4.819999999999999840e-01
4.789999999999999813e-01
4.739999999999999769e-01
4.699999999999999734e-01
4.619999999999999662e-01
4.589999999999999636e-01
4.559999999999999609e-01
4.509999999999999565e-01
4.459999999999999520e-01
4.429999999999999494e-01
4.360000000000000542e-01
4.350000000000000533e-01
4.320000000000000506e-01
4.320000000000000506e-01
4.320000000000000506e-01
4.280000000000000471e-01
4.260000000000000453e-01
4.190000000000000391e-01
4.170000000000000373e-01
4.120000000000000329e-01
4.100000000000000311e-01
4.080000000000000293e-01
4.040000000000000258e-01
4.000000000000000222e-01
3.960000000000000187e-01
3.920000000000000151e-01
3.880000000000000115e-01
3.860000000000000098e-01
3.850000000000000089e-01
3.820000000000000062e-01
3.760000000000000009e-01
3.750000000000000000e-01
3.739999999999999991e-01
3.719999999999999973e-01
3.709999999999999964e-01
3.689999999999999947e-01
3.669999999999999929e-01
3.649999999999999911e-01
3.649999999999999911e-01
3.639999999999999902e-01
3.619999999999999885e-01
3.589999999999999858e-01
3.539999999999999813e-01
3.549999999999999822e-01
3.529999999999999805e-01
3.489999999999999769e-01
3.469999999999999751e-01
3.469999999999999751e-01
3.469999999999999751e-01
3.449999999999999734e-01
3.439999999999999725e-01
3.439999999999999725e-01
3.409999999999999698e-01
3.369999999999999662e-01
3.359999999999999654e-01
3.359999999999999654e-01
3.359999999999999654e-01
3.359999999999999654e-01
3.359999999999999654e-01
3.359999999999999654e-01
3.339999999999999636e-01
3.339999999999999636e-01
3.339999999999999636e-01
3.329999999999999627e-01
3.299999999999999600e-01
3.289999999999999591e-01
3.279999999999999583e-01
3.279999999999999583e-01
3.219999999999999529e-01
3.209999999999999520e-01
3.199999999999999512e-01
3.169999999999999485e-01
3.149999999999999467e-01
3.149999999999999467e-01
3.120000000000000551e-01
3.110000000000000542e-01
3.090000000000000524e-01
3.080000000000000515e-01
3.050000000000000488e-01
3.020000000000000462e-01
3.020000000000000462e-01
3.020000000000000462e-01
3.000000000000000444e-01
2.950000000000000400e-01
2.920000000000000373e-01
2.930000000000000382e-01
2.920000000000000373e-01
2.930000000000000382e-01
2.890000000000000346e-01
2.910000000000000364e-01
2.850000000000000311e-01
2.840000000000000302e-01
2.830000000000000293e-01
2.810000000000000275e-01
2.800000000000000266e-01
2.770000000000000240e-01
2.770000000000000240e-01
2.750000000000000222e-01
2.700000000000000178e-01
2.700000000000000178e-01
2.690000000000000169e-01
2.690000000000000169e-01
2.690000000000000169e-01
2.690000000000000169e-01
2.680000000000000160e-01
2.660000000000000142e-01
2.660000000000000142e-01
2.640000000000000124e-01
2.650000000000000133e-01
2.660000000000000142e-01
2.630000000000000115e-01
2.610000000000000098e-01
2.610000000000000098e-01
2.630000000000000115e-01
2.610000000000000098e-01
2.600000000000000089e-01
2.570000000000000062e-01
2.570000000000000062e-01
2.560000000000000053e-01
2.550000000000000044e-01
2.520000000000000018e-01
2.520000000000000018e-01
2.479999999999999982e-01
2.479999999999999982e-01
2.469999999999999973e-01
2.469999999999999973e-01
2.459999999999999964e-01
2.449999999999999956e-01
2.429999999999999938e-01
2.429999999999999938e-01
2.409999999999999920e-01
2.399999999999999911e-01
2.379999999999999893e-01
2.379999999999999893e-01
2.379999999999999893e-01
2.359999999999999876e-01
2.359999999999999876e-01
2.359999999999999876e-01
2.349999999999999867e-01
2.359999999999999876e-01
2.349999999999999867e-01
2.349999999999999867e-01
2.329999999999999849e-01
2.299999999999999822e-01
2.289999999999999813e-01
2.279999999999999805e-01
2.269999999999999796e-01
2.269999999999999796e-01
2.269999999999999796e-01
2.259999999999999787e-01
2.239999999999999769e-01
2.229999999999999760e-01
2.229999999999999760e-01
2.209999999999999742e-01
2.199999999999999734e-01
2.179999999999999716e-01
2.149999999999999689e-01
2.119999999999999662e-01
2.119999999999999662e-01
2.109999999999999654e-01
2.109999999999999654e-01
2.089999999999999636e-01
2.089999999999999636e-01
2.089999999999999636e-01
2.079999999999999627e-01
2.069999999999999618e-01
2.059999999999999609e-01
2.059999999999999609e-01
2.039999999999999591e-01
2.019999999999999574e-01
2.019999999999999574e-01
2.009999999999999565e-01
1.989999999999999547e-01
1.979999999999999538e-01
1.979999999999999538e-01
1.979999999999999538e-01
1.969999999999999529e-01
1.959999999999999520e-01
1.959999999999999520e-01
1.939999999999999503e-01
1.929999999999999494e-01
1.919999999999999485e-01
1.919999999999999485e-01
1.919999999999999485e-01
1.919999999999999485e-01
1.909999999999999476e-01
1.899999999999999467e-01
1.870000000000000551e-01
1.860000000000000542e-01
1.860000000000000542e-01
1.830000000000000515e-01
1.830000000000000515e-01
1.840000000000000524e-01
1.840000000000000524e-01
1.830000000000000515e-01
1.840000000000000524e-01
1.810000000000000497e-01
1.800000000000000488e-01
1.780000000000000471e-01
1.790000000000000480e-01
1.770000000000000462e-01
1.770000000000000462e-01
1.770000000000000462e-01
1.770000000000000462e-01
1.760000000000000453e-01
1.750000000000000444e-01
1.760000000000000453e-01
1.750000000000000444e-01
1.750000000000000444e-01
1.750000000000000444e-01
1.740000000000000435e-01
1.730000000000000426e-01
1.720000000000000417e-01
1.720000000000000417e-01
1.720000000000000417e-01
1.700000000000000400e-01
1.700000000000000400e-01
1.700000000000000400e-01
1.700000000000000400e-01
1.700000000000000400e-01
1.700000000000000400e-01
1.700000000000000400e-01
1.690000000000000391e-01
1.690000000000000391e-01
1.690000000000000391e-01
1.680000000000000382e-01
1.680000000000000382e-01
1.660000000000000364e-01
1.660000000000000364e-01
1.650000000000000355e-01
1.650000000000000355e-01
1.620000000000000329e-01
1.620000000000000329e-01
1.610000000000000320e-01
1.610000000000000320e-01
1.610000000000000320e-01
1.600000000000000311e-01
1.600000000000000311e-01
1.600000000000000311e-01
1.600000000000000311e-01
1.600000000000000311e-01
1.590000000000000302e-01
1.590000000000000302e-01
1.560000000000000275e-01
1.550000000000000266e-01
1.540000000000000258e-01
1.540000000000000258e-01
1.540000000000000258e-01
1.550000000000000266e-01
1.540000000000000258e-01
1.530000000000000249e-01
1.530000000000000249e-01
1.530000000000000249e-01
1.530000000000000249e-01
1.540000000000000258e-01
1.520000000000000240e-01
1.520000000000000240e-01
1.510000000000000231e-01
1.490000000000000213e-01
1.480000000000000204e-01
1.490000000000000213e-01
1.460000000000000187e-01
1.460000000000000187e-01
1.440000000000000169e-01
1.440000000000000169e-01
1.440000000000000169e-01
1.440000000000000169e-01
1.440000000000000169e-01
1.440000000000000169e-01
1.440000000000000169e-01
1.450000000000000178e-01
1.440000000000000169e-01
1.420000000000000151e-01
1.410000000000000142e-01
1.400000000000000133e-01
1.400000000000000133e-01
1.400000000000000133e-01
1.400000000000000133e-01
1.400000000000000133e-01
1.400000000000000133e-01
1.390000000000000124e-01
1.380000000000000115e-01
1.370000000000000107e-01
1.370000000000000107e-01
1.370000000000000107e-01
1.360000000000000098e-01
1.360000000000000098e-01
1.360000000000000098e-01
1.360000000000000098e-01
1.360000000000000098e-01
1.360000000000000098e-01
1.350000000000000089e-01
1.350000000000000089e-01
1.350000000000000089e-01
1.340000000000000080e-01
1.340000000000000080e-01
1.340000000000000080e-01
1.340000000000000080e-01
1.340000000000000080e-01
1.330000000000000071e-01
1.330000000000000071e-01
1.320000000000000062e-01
1.310000000000000053e-01
1.310000000000000053e-01
1.310000000000000053e-01
1.300000000000000044e-01
1.290000000000000036e-01
1.290000000000000036e-01
1.290000000000000036e-01
1.290000000000000036e-01
1.290000000000000036e-01
1.290000000000000036e-01
1.290000000000000036e-01
1.260000000000000009e-01
1.260000000000000009e-01
1.260000000000000009e-01
1.260000000000000009e-01
1.260000000000000009e-01
1.250000000000000000e-01
1.250000000000000000e-01
1.250000000000000000e-01
1.250000000000000000e-01
1.250000000000000000e-01
1.250000000000000000e-01
1.250000000000000000e-01
1.250000000000000000e-01
1.250000000000000000e-01
1.250000000000000000e-01
1.250000000000000000e-01
1.250000000000000000e-01
1.229999999999999982e-01
1.239999999999999991e-01
1.229999999999999982e-01
1.229999999999999982e-01
1.229999999999999982e-01
1.229999999999999982e-01
1.229999999999999982e-01
1.209999999999999964e-01
1.209999999999999964e-01
1.209999999999999964e-01
1.199999999999999956e-01
1.199999999999999956e-01
1.179999999999999938e-01
1.169999999999999929e-01
1.169999999999999929e-01
1.169999999999999929e-01
1.159999999999999920e-01
1.149999999999999911e-01
1.139999999999999902e-01
1.139999999999999902e-01
1.139999999999999902e-01
1.129999999999999893e-01
1.129999999999999893e-01
1.129999999999999893e-01
1.139999999999999902e-01
1.139999999999999902e-01
1.139999999999999902e-01
1.139999999999999902e-01
1.139999999999999902e-01
1.139999999999999902e-01
1.129999999999999893e-01
1.129999999999999893e-01
1.119999999999999885e-01
1.109999999999999876e-01
1.099999999999999867e-01
1.089999999999999858e-01
1.089999999999999858e-01
1.089999999999999858e-01
1.079999999999999849e-01
1.069999999999999840e-01
1.059999999999999831e-01
1.059999999999999831e-01
1.059999999999999831e-01
1.059999999999999831e-01
1.059999999999999831e-01
1.049999999999999822e-01
1.049999999999999822e-01
1.049999999999999822e-01
1.039999999999999813e-01
1.029999999999999805e-01
1.029999999999999805e-01
1.029999999999999805e-01
1.029999999999999805e-01
1.029999999999999805e-01
1.029999999999999805e-01
1.019999999999999796e-01
1.019999999999999796e-01
1.019999999999999796e-01
1.019999999999999796e-01
1.019999999999999796e-01
1.019999999999999796e-01
1.009999999999999787e-01
1.009999999999999787e-01
1.009999999999999787e-01
9.999999999999997780e-02
9.999999999999997780e-02
9.899999999999997691e-02
9.899999999999997691e-02
9.899999999999997691e-02
9.899999999999997691e-02
9.699999999999997513e-02
9.899999999999997691e-02
9.699999999999997513e-02
9.699999999999997513e-02
9.599999999999997424e-02
9.599999999999997424e-02
9.599999999999997424e-02
9.499999999999997335e-02
9.499999999999997335e-02
9.499999999999997335e-02
9.599999999999997424e-02
9.599999999999997424e-02
9.599999999999997424e-02
9.499999999999997335e-02
9.499999999999997335e-02
9.499999999999997335e-02
9.499999999999997335e-02
9.499999999999997335e-02
9.499999999999997335e-02
9.499999999999997335e-02
9.499999999999997335e-02
9.499999999999997335e-02
9.499999999999997335e-02
9.499999999999997335e-02
9.499999999999997335e-02
9.399999999999997247e-02
9.299999999999997158e-02
9.299999999999997158e-02
9.299999999999997158e-02
9.299999999999997158e-02
9.199999999999997069e-02
9.199999999999997069e-02
9.099999999999996980e-02
9.099999999999996980e-02
8.999999999999996891e-02
8.999999999999996891e-02
8.899999999999996803e-02
8.899999999999996803e-02
8.899999999999996803e-02
8.799999999999996714e-02
8.799999999999996714e-02
8.799999999999996714e-02
8.799999999999996714e-02
8.799999999999996714e-02
