9.008571428571428008e-01
8.757142857142856673e-01
8.445714285714285285e-01
8.148571428571428354e-01
7.905714285714285916e-01
7.665714285714285703e-01
7.434285714285714386e-01
7.208571428571428630e-01
6.962857142857142856e-01
6.759999999999999343e-01
6.614285714285714768e-01
6.460000000000000187e-01
6.328571428571427848e-01
6.239999999999999991e-01
6.137142857142856567e-01
6.059999999999999831e-01
5.957142857142856407e-01
5.871428571428571885e-01
5.768571428571428461e-01
5.657142857142857251e-01
5.594285714285713862e-01
5.488571428571429323e-01
5.371428571428571441e-01
5.294285714285713595e-01
5.222857142857142421e-01
5.151428571428571246e-01
5.102857142857142314e-01
5.002857142857142225e-01
4.934285714285714386e-01
4.882857142857143229e-01
4.822857142857143176e-01
4.771428571428570908e-01
4.705714285714285294e-01
4.639999999999999680e-01
4.602857142857142980e-01
4.537142857142857366e-01
4.462857142857142856e-01
4.382857142857142785e-01
4.340000000000000524e-01
4.274285714285713800e-01
4.248571428571428221e-01
4.202857142857142625e-01
4.142857142857142572e-01
4.085714285714285854e-01
4.037142857142856922e-01
3.960000000000000187e-01
3.931428571428571273e-01
3.885714285714285676e-01
3.851428571428571201e-01
3.805714285714285605e-01
3.791428571428571148e-01
3.768571428571428905e-01
3.719999999999999973e-01
3.679999999999999938e-01
3.651428571428571024e-01
3.622857142857143220e-01
3.591428571428570971e-01
3.568571428571428727e-01
3.554285714285714270e-01
3.528571428571428692e-01
3.499999999999999778e-01
3.468571428571428639e-01
3.457142857142857517e-01
3.431428571428571939e-01
3.399999999999999689e-01
3.374285714285714111e-01
3.351428571428571868e-01
3.337142857142857411e-01
3.317142857142857393e-01
3.297142857142857375e-01
3.262857142857142900e-01
3.257142857142857340e-01
3.251428571428571779e-01
3.225714285714286200e-01
3.197142857142857286e-01
3.185714285714286165e-01
3.162857142857142811e-01
3.148571428571428354e-01
3.134285714285713897e-01
3.122857142857142776e-01
3.100000000000000533e-01
3.080000000000000515e-01
3.062857142857142723e-01
3.045714285714286040e-01
3.028571428571428248e-01
3.005714285714286005e-01
2.982857142857142652e-01
2.968571428571428195e-01
2.954285714285713738e-01
2.948571428571428177e-01
2.928571428571428159e-01
2.914285714285714812e-01
2.900000000000000355e-01
2.888571428571428124e-01
2.871428571428571441e-01
2.848571428571428088e-01
2.831428571428571406e-01
2.817142857142856949e-01
2.794285714285714706e-01
2.788571428571428035e-01
2.768571428571428017e-01
2.762857142857142456e-01
2.754285714285714670e-01
2.745714285714285774e-01
2.725714285714285756e-01
2.714285714285714635e-01
2.705714285714285738e-01
2.694285714285714617e-01
2.685714285714285721e-01
2.682857142857142385e-01
2.677142857142856824e-01
2.662857142857142367e-01
2.651428571428571246e-01
2.640000000000000124e-01
2.634285714285714564e-01
2.628571428571429003e-01
2.617142857142856771e-01
2.611428571428571210e-01
2.600000000000000089e-01
2.585714285714285632e-01
2.580000000000000071e-01
2.571428571428571175e-01
2.560000000000000053e-01
2.548571428571428932e-01
2.542857142857143371e-01
2.531428571428571139e-01
2.517142857142856682e-01
2.511428571428571122e-01
2.494285714285714439e-01
2.479999999999999982e-01
2.474285714285714421e-01
2.454285714285714404e-01
2.439999999999999947e-01
2.439999999999999947e-01
2.434285714285714386e-01
2.422857142857143264e-01
2.408571428571428807e-01
2.405714285714285472e-01
2.399999999999999911e-01
2.394285714285714350e-01
2.382857142857143229e-01
2.374285714285714333e-01
2.359999999999999876e-01
2.348571428571428754e-01
2.339999999999999858e-01
2.339999999999999858e-01
2.342857142857143193e-01
2.337142857142857633e-01
2.319999999999999840e-01
2.311428571428570944e-01
2.291428571428570926e-01
2.277142857142857579e-01
2.285714285714285365e-01
2.268571428571428683e-01
2.265714285714285348e-01
2.254285714285714226e-01
2.257142857142857562e-01
2.239999999999999769e-01
2.245714285714285330e-01
2.237142857142857544e-01
2.237142857142857544e-01
2.234285714285714208e-01
2.225714285714285312e-01
2.231428571428571983e-01
2.202857142857143069e-01
2.239999999999999769e-01
2.185714285714285277e-01
2.248571428571428665e-01
2.188571428571428612e-01
2.234285714285714208e-01
2.177142857142857491e-01
2.245714285714285330e-01
2.205714285714285294e-01
2.294285714285714262e-01
2.308571428571428719e-01
2.317142857142857615e-01
2.371428571428570997e-01
2.328571428571428736e-01
2.377142857142857668e-01
2.319999999999999840e-01
2.345714285714285419e-01
2.308571428571428719e-01
2.271428571428570908e-01
2.285714285714285365e-01
2.225714285714285312e-01
2.242857142857143105e-01
2.179999999999999716e-01
2.211428571428571965e-01
2.148571428571428577e-01
2.177142857142857491e-01
2.125714285714285223e-01
2.168571428571428594e-01
2.108571428571428541e-01
2.151428571428571912e-01
2.099999999999999645e-01
2.125714285714285223e-01
2.077142857142857402e-01
2.119999999999999662e-01
2.057142857142857384e-01
2.108571428571428541e-01
2.054285714285714048e-01
2.091428571428571859e-01
2.034285714285714031e-01
2.088571428571428523e-01
2.031428571428571805e-01
2.074285714285714066e-01
2.022857142857142909e-01
2.068571428571428505e-01
2.017142857142857348e-01
2.068571428571428505e-01
2.014285714285714013e-01
2.057142857142857384e-01
2.005714285714286227e-01
2.045714285714286262e-01
2.005714285714286227e-01
2.039999999999999591e-01
1.991428571428571770e-01
2.025714285714286245e-01
1.971428571428571752e-01
2.014285714285714013e-01
1.971428571428571752e-01
2.008571428571428452e-01
1.951428571428571734e-01
1.997142857142857331e-01
1.948571428571428399e-01
1.982857142857142874e-01
1.937142857142857277e-01
1.977142857142857313e-01
1.922857142857142820e-01
1.971428571428571752e-01
1.919999999999999485e-01
1.968571428571428417e-01
1.911428571428571699e-01
1.962857142857142856e-01
1.902857142857142803e-01
1.948571428571428399e-01
1.894285714285713906e-01
1.928571428571428381e-01
1.888571428571428346e-01
1.917142857142857260e-01
1.882857142857142785e-01
1.908571428571428363e-01
1.882857142857142785e-01
1.897142857142857242e-01
1.871428571428571663e-01
1.877142857142857224e-01
1.862857142857142767e-01
1.871428571428571663e-01
1.851428571428571646e-01
1.860000000000000542e-01
1.842857142857142749e-01
1.848571428571428310e-01
1.834285714285713853e-01
1.845714285714286085e-01
1.820000000000000506e-01
1.840000000000000524e-01
1.817142857142857171e-01
1.825714285714286067e-01
1.802857142857142714e-01
1.822857142857142732e-01
1.797142857142857153e-01
1.811428571428571610e-01
1.797142857142857153e-01
1.800000000000000488e-01
1.794285714285713818e-01
1.794285714285713818e-01
1.788571428571428257e-01
1.791428571428571592e-01
1.777142857142857135e-01
1.788571428571428257e-01
1.777142857142857135e-01
1.782857142857142696e-01
1.768571428571428239e-01
1.774285714285713800e-01
1.760000000000000453e-01
1.754285714285713782e-01
1.745714285714285996e-01
1.742857142857142660e-01
1.740000000000000435e-01
1.731428571428571539e-01
1.740000000000000435e-01
1.725714285714285978e-01
1.725714285714285978e-01
1.717142857142857082e-01
1.720000000000000417e-01
1.717142857142857082e-01
1.708571428571428186e-01
1.711428571428571521e-01
1.708571428571428186e-01
1.700000000000000400e-01
1.700000000000000400e-01
1.682857142857142607e-01
1.697142857142857064e-01
1.677142857142857046e-01
1.691428571428571503e-01
1.671428571428571486e-01
1.685714285714285943e-01
1.668571428571428150e-01
1.682857142857142607e-01
1.660000000000000364e-01
1.668571428571428150e-01
1.651428571428571468e-01
1.662857142857142589e-01
1.642857142857142572e-01
1.657142857142857029e-01
1.634285714285714786e-01
1.651428571428571468e-01
1.634285714285714786e-01
1.645714285714285907e-01
1.614285714285714768e-01
1.637142857142857011e-01
1.614285714285714768e-01
1.622857142857142554e-01
1.608571428571428097e-01
1.611428571428571432e-01
1.611428571428571432e-01
1.611428571428571432e-01
1.602857142857142536e-01
1.602857142857142536e-01
1.591428571428571415e-01
1.594285714285714750e-01
1.588571428571428079e-01
1.591428571428571415e-01
1.588571428571428079e-01
1.585714285714285854e-01
1.580000000000000293e-01
1.585714285714285854e-01
1.580000000000000293e-01
1.591428571428571415e-01
1.577142857142856958e-01
1.585714285714285854e-01
1.580000000000000293e-01
1.582857142857142518e-01
1.577142857142856958e-01
1.574285714285714732e-01
1.577142857142856958e-01
1.568571428571428061e-01
1.577142857142856958e-01
1.568571428571428061e-01
1.577142857142856958e-01
1.565714285714285836e-01
1.571428571428571397e-01
1.560000000000000275e-01
1.565714285714285836e-01
1.560000000000000275e-01
1.560000000000000275e-01
1.554285714285714715e-01
1.557142857142856940e-01
1.551428571428571379e-01
1.554285714285714715e-01
1.548571428571428044e-01
1.548571428571428044e-01
1.542857142857142483e-01
1.548571428571428044e-01
1.540000000000000258e-01
1.540000000000000258e-01
1.537142857142856922e-01
1.531428571428571361e-01
1.534285714285714697e-01
1.528571428571428026e-01
1.531428571428571361e-01
1.528571428571428026e-01
1.522857142857142465e-01
1.525714285714285801e-01
1.511428571428571344e-01
1.522857142857142465e-01
1.508571428571429118e-01
1.511428571428571344e-01
1.508571428571429118e-01
1.508571428571429118e-01
1.502857142857142447e-01
1.502857142857142447e-01
1.502857142857142447e-01
1.494285714285714661e-01
1.497142857142856887e-01
1.488571428571429101e-01
1.497142857142856887e-01
1.485714285714285765e-01
1.497142857142856887e-01
1.482857142857142430e-01
1.485714285714285765e-01
1.482857142857142430e-01
1.477142857142856869e-01
1.480000000000000204e-01
1.468571428571429083e-01
1.474285714285714644e-01
1.468571428571429083e-01
1.468571428571429083e-01
1.465714285714285747e-01
1.462857142857142412e-01
1.465714285714285747e-01
1.454285714285714626e-01
1.454285714285714626e-01
1.445714285714285730e-01
1.448571428571429065e-01
1.440000000000000169e-01
1.442857142857142394e-01
1.434285714285714608e-01
1.437142857142856833e-01
1.431428571428571273e-01
1.428571428571429047e-01
1.422857142857142376e-01
1.417142857142856815e-01
1.417142857142856815e-01
1.411428571428571255e-01
1.417142857142856815e-01
1.411428571428571255e-01
1.405714285714285694e-01
1.405714285714285694e-01
1.405714285714285694e-01
1.400000000000000133e-01
1.394285714285714572e-01
1.400000000000000133e-01
1.385714285714285676e-01
1.385714285714285676e-01
1.382857142857142341e-01
1.385714285714285676e-01
1.382857142857142341e-01
1.380000000000000115e-01
1.374285714285714555e-01
1.377142857142856780e-01
1.368571428571428994e-01
1.377142857142856780e-01
1.371428571428571219e-01
1.374285714285714555e-01
1.360000000000000098e-01
1.371428571428571219e-01
1.354285714285714537e-01
1.365714285714285658e-01
1.348571428571428976e-01
1.365714285714285658e-01
1.348571428571428976e-01
1.362857142857142323e-01
1.345714285714285641e-01
1.357142857142856762e-01
1.342857142857142305e-01
1.357142857142856762e-01
1.340000000000000080e-01
1.354285714285714537e-01
1.337142857142856744e-01
1.351428571428571201e-01
1.328571428571428958e-01
1.345714285714285641e-01
1.325714285714285623e-01
1.337142857142856744e-01
1.325714285714285623e-01
1.337142857142856744e-01
1.322857142857143398e-01
1.337142857142856744e-01
1.320000000000000062e-01
1.328571428571428958e-01
1.317142857142856727e-01
1.325714285714285623e-01
1.314285714285714501e-01
1.317142857142856727e-01
1.311428571428571166e-01
1.314285714285714501e-01
1.300000000000000044e-01
1.314285714285714501e-01
1.300000000000000044e-01
1.317142857142856727e-01
1.297142857142856709e-01
1.314285714285714501e-01
1.297142857142856709e-01
1.308571428571428941e-01
1.294285714285714484e-01
1.302857142857143380e-01
1.291428571428571148e-01
1.302857142857143380e-01
1.291428571428571148e-01
1.302857142857143380e-01
1.288571428571428923e-01
1.300000000000000044e-01
1.288571428571428923e-01
1.294285714285714484e-01
1.288571428571428923e-01
1.297142857142856709e-01
1.288571428571428923e-01
1.288571428571428923e-01
1.288571428571428923e-01
1.285714285714285587e-01
1.282857142857143362e-01
1.282857142857143362e-01
1.280000000000000027e-01
1.282857142857143362e-01
1.274285714285714466e-01
1.271428571428571130e-01
1.274285714285714466e-01
1.271428571428571130e-01
1.271428571428571130e-01
1.271428571428571130e-01
1.271428571428571130e-01
1.268571428571428905e-01
1.268571428571428905e-01
1.262857142857143344e-01
1.268571428571428905e-01
1.260000000000000009e-01
1.268571428571428905e-01
1.254285714285714448e-01
1.271428571428571130e-01
