9.299999999999999378e-01
8.853333333333333055e-01
8.793333333333333002e-01
8.699999999999999956e-01
8.586666666666666892e-01
8.479999999999999760e-01
8.333333333333333703e-01
8.226666666666666572e-01
8.113333333333333508e-01
8.026666666666666394e-01
7.913333333333333330e-01
7.806666666666666199e-01
7.653333333333333099e-01
7.513333333333332975e-01
7.373333333333333961e-01
7.273333333333333872e-01
7.153333333333333766e-01
7.053333333333333677e-01
6.946666666666666545e-01
6.819999999999999396e-01
6.713333333333333375e-01
6.626666666666667371e-01
6.526666666666667282e-01
6.453333333333333144e-01
6.400000000000000133e-01
6.313333333333333020e-01
6.260000000000000009e-01
6.146666666666666945e-01
6.079999999999999849e-01
6.033333333333332771e-01
5.920000000000000817e-01
5.873333333333332629e-01
5.813333333333332575e-01
5.766666666666666607e-01
5.646666666666666501e-01
5.593333333333333490e-01
5.566666666666666430e-01
5.540000000000000480e-01
5.500000000000000444e-01
5.473333333333333384e-01
5.453333333333333366e-01
5.420000000000000373e-01
5.400000000000000355e-01
5.326666666666666217e-01
5.286666666666666181e-01
5.260000000000000231e-01
5.200000000000000178e-01
5.133333333333333082e-01
5.113333333333333064e-01
5.020000000000000018e-01
4.946666666666666989e-01
4.906666666666666954e-01
4.846666666666666901e-01
4.786666666666666847e-01
4.733333333333333837e-01
4.679999999999999716e-01
4.639999999999999680e-01
4.593333333333333712e-01
4.533333333333333659e-01
4.413333333333333552e-01
4.360000000000000542e-01
4.306666666666666421e-01
4.260000000000000453e-01
4.226666666666666350e-01
4.180000000000000382e-01
4.160000000000000364e-01
4.133333333333333304e-01
4.066666666666666208e-01
4.006666666666666154e-01
3.966666666666666119e-01
3.940000000000000169e-01
3.906666666666667176e-01
3.853333333333333055e-01
3.793333333333333002e-01
3.760000000000000009e-01
3.746666666666667034e-01
3.639999999999999902e-01
3.613333333333332842e-01
3.566666666666666874e-01
3.546666666666666856e-01
3.519999999999999796e-01
3.493333333333333846e-01
3.473333333333333828e-01
3.393333333333333757e-01
3.373333333333333739e-01
3.339999999999999636e-01
3.313333333333333686e-01
3.279999999999999583e-01
3.253333333333333632e-01
3.253333333333333632e-01
3.239999999999999547e-01
3.226666666666666572e-01
3.173333333333333561e-01
3.166666666666666519e-01
3.159999999999999476e-01
3.159999999999999476e-01
3.133333333333333526e-01
3.106666666666666465e-01
3.093333333333333490e-01
3.073333333333333472e-01
3.040000000000000480e-01
3.013333333333333419e-01
2.993333333333333401e-01
2.973333333333333384e-01
2.946666666666666323e-01
2.946666666666666323e-01
2.926666666666666305e-01
2.893333333333333313e-01
2.853333333333333277e-01
2.820000000000000284e-01
2.806666666666666199e-01
2.800000000000000266e-01
2.793333333333333224e-01
2.773333333333333206e-01
2.766666666666666163e-01
2.733333333333333171e-01
2.700000000000000178e-01
2.700000000000000178e-01
2.686666666666667203e-01
2.666666666666667185e-01
2.653333333333333099e-01
2.626666666666667149e-01
2.620000000000000107e-01
2.613333333333333064e-01
2.606666666666667131e-01
2.593333333333333046e-01
2.586666666666667114e-01
2.573333333333333028e-01
2.560000000000000053e-01
2.546666666666667078e-01
2.546666666666667078e-01
2.540000000000000036e-01
2.540000000000000036e-01
2.526666666666667060e-01
2.506666666666667043e-01
2.486666666666667025e-01
2.479999999999999982e-01
2.453333333333332922e-01
2.433333333333332904e-01
2.433333333333332904e-01
2.419999999999999929e-01
2.419999999999999929e-01
2.413333333333332886e-01
2.419999999999999929e-01
2.419999999999999929e-01
2.406666666666666954e-01
2.386666666666666936e-01
2.386666666666666936e-01
2.386666666666666936e-01
2.386666666666666936e-01
2.386666666666666936e-01
2.379999999999999893e-01
2.379999999999999893e-01
2.379999999999999893e-01
2.373333333333332851e-01
2.353333333333332833e-01
2.346666666666666901e-01
2.333333333333332815e-01
2.333333333333332815e-01
2.333333333333332815e-01
2.313333333333332797e-01
2.313333333333332797e-01
2.313333333333332797e-01
2.313333333333332797e-01
2.313333333333332797e-01
2.293333333333332780e-01
2.279999999999999805e-01
2.279999999999999805e-01
2.259999999999999787e-01
2.259999999999999787e-01
2.239999999999999769e-01
2.233333333333333837e-01
2.213333333333333819e-01
2.199999999999999734e-01
2.199999999999999734e-01
2.186666666666666758e-01
2.186666666666666758e-01
2.173333333333333783e-01
2.159999999999999698e-01
2.133333333333333748e-01
2.133333333333333748e-01
2.126666666666666705e-01
2.113333333333333730e-01
2.106666666666666687e-01
2.106666666666666687e-01
2.106666666666666687e-01
2.099999999999999645e-01
2.093333333333333712e-01
2.093333333333333712e-01
2.086666666666666670e-01
2.079999999999999627e-01
2.066666666666666652e-01
2.059999999999999609e-01
2.059999999999999609e-01
2.053333333333333677e-01
2.053333333333333677e-01
2.046666666666666634e-01
2.046666666666666634e-01
2.046666666666666634e-01
2.039999999999999591e-01
2.039999999999999591e-01
2.019999999999999574e-01
2.013333333333333641e-01
2.013333333333333641e-01
2.006666666666666599e-01
2.006666666666666599e-01
2.006666666666666599e-01
2.006666666666666599e-01
1.993333333333333623e-01
1.993333333333333623e-01
1.993333333333333623e-01
1.999999999999999556e-01
1.993333333333333623e-01
1.986666666666666581e-01
1.979999999999999538e-01
1.979999999999999538e-01
1.979999999999999538e-01
1.979999999999999538e-01
1.973333333333333606e-01
1.966666666666666563e-01
1.959999999999999520e-01
1.939999999999999503e-01
1.933333333333333570e-01
1.926666666666666528e-01
1.926666666666666528e-01
1.919999999999999485e-01
1.919999999999999485e-01
1.919999999999999485e-01
1.919999999999999485e-01
1.913333333333333552e-01
1.906666666666666510e-01
1.906666666666666510e-01
1.899999999999999467e-01
1.899999999999999467e-01
1.879999999999999449e-01
1.879999999999999449e-01
1.873333333333333517e-01
1.873333333333333517e-01
1.873333333333333517e-01
1.866666666666666474e-01
1.866666666666666474e-01
1.853333333333333499e-01
1.853333333333333499e-01
1.853333333333333499e-01
1.846666666666666456e-01
1.840000000000000524e-01
1.833333333333333481e-01
1.833333333333333481e-01
1.820000000000000506e-01
1.820000000000000506e-01
1.813333333333333464e-01
1.813333333333333464e-01
1.813333333333333464e-01
1.813333333333333464e-01
1.813333333333333464e-01
1.806666666666666421e-01
1.800000000000000488e-01
1.793333333333333446e-01
1.793333333333333446e-01
1.786666666666666403e-01
1.786666666666666403e-01
1.786666666666666403e-01
1.780000000000000471e-01
1.780000000000000471e-01
1.786666666666666403e-01
1.780000000000000471e-01
1.780000000000000471e-01
1.773333333333333428e-01
1.773333333333333428e-01
1.773333333333333428e-01
1.773333333333333428e-01
1.773333333333333428e-01
1.773333333333333428e-01
1.773333333333333428e-01
1.766666666666666385e-01
1.766666666666666385e-01
1.766666666666666385e-01
1.760000000000000453e-01
1.753333333333333410e-01
1.753333333333333410e-01
1.746666666666666368e-01
1.746666666666666368e-01
1.746666666666666368e-01
1.740000000000000435e-01
1.740000000000000435e-01
1.733333333333333393e-01
1.733333333333333393e-01
1.720000000000000417e-01
1.720000000000000417e-01
1.713333333333333375e-01
1.706666666666666332e-01
1.693333333333333357e-01
1.686666666666666314e-01
1.666666666666666297e-01
1.660000000000000364e-01
1.660000000000000364e-01
1.660000000000000364e-01
1.640000000000000346e-01
1.633333333333333304e-01
1.633333333333333304e-01
1.626666666666666261e-01
1.620000000000000329e-01
1.606666666666666243e-01
1.606666666666666243e-01
1.606666666666666243e-01
1.600000000000000311e-01
1.593333333333333268e-01
1.580000000000000293e-01
1.573333333333333250e-01
1.573333333333333250e-01
1.566666666666666208e-01
1.560000000000000275e-01
1.560000000000000275e-01
1.553333333333333233e-01
1.546666666666666190e-01
1.546666666666666190e-01
1.526666666666666172e-01
1.526666666666666172e-01
1.520000000000000240e-01
1.520000000000000240e-01
1.520000000000000240e-01
1.526666666666666172e-01
1.526666666666666172e-01
1.526666666666666172e-01
1.513333333333333197e-01
1.520000000000000240e-01
1.513333333333333197e-01
1.526666666666666172e-01
1.520000000000000240e-01
1.520000000000000240e-01
1.520000000000000240e-01
1.513333333333333197e-01
1.513333333333333197e-01
1.506666666666666154e-01
1.506666666666666154e-01
1.500000000000000222e-01
1.493333333333333179e-01
1.486666666666666137e-01
1.486666666666666137e-01
1.486666666666666137e-01
1.486666666666666137e-01
1.486666666666666137e-01
1.480000000000000204e-01
1.480000000000000204e-01
1.466666666666666119e-01
1.466666666666666119e-01
1.466666666666666119e-01
1.466666666666666119e-01
1.466666666666666119e-01
1.466666666666666119e-01
1.453333333333333144e-01
1.453333333333333144e-01
1.453333333333333144e-01
1.446666666666667211e-01
1.446666666666667211e-01
1.433333333333333126e-01
1.433333333333333126e-01
1.433333333333333126e-01
1.426666666666667194e-01
1.426666666666667194e-01
1.426666666666667194e-01
1.426666666666667194e-01
1.420000000000000151e-01
1.420000000000000151e-01
1.420000000000000151e-01
1.413333333333333108e-01
1.413333333333333108e-01
1.413333333333333108e-01
1.406666666666667176e-01
1.406666666666667176e-01
1.406666666666667176e-01
1.406666666666667176e-01
1.400000000000000133e-01
1.400000000000000133e-01
1.400000000000000133e-01
1.406666666666667176e-01
1.406666666666667176e-01
1.393333333333333091e-01
1.386666666666667158e-01
1.386666666666667158e-01
1.380000000000000115e-01
1.373333333333333073e-01
1.373333333333333073e-01
1.373333333333333073e-01
1.373333333333333073e-01
1.366666666666667140e-01
1.360000000000000098e-01
1.360000000000000098e-01
1.346666666666667123e-01
1.333333333333333037e-01
1.326666666666667105e-01
1.326666666666667105e-01
1.320000000000000062e-01
1.320000000000000062e-01
1.320000000000000062e-01
1.320000000000000062e-01
1.320000000000000062e-01
1.313333333333333020e-01
1.306666666666667087e-01
1.306666666666667087e-01
1.306666666666667087e-01
1.300000000000000044e-01
1.293333333333333002e-01
1.300000000000000044e-01
1.293333333333333002e-01
1.293333333333333002e-01
1.286666666666667069e-01
1.286666666666667069e-01
1.286666666666667069e-01
1.286666666666667069e-01
1.286666666666667069e-01
1.286666666666667069e-01
1.280000000000000027e-01
1.286666666666667069e-01
1.280000000000000027e-01
1.280000000000000027e-01
1.280000000000000027e-01
1.286666666666667069e-01
1.293333333333333002e-01
1.293333333333333002e-01
1.293333333333333002e-01
1.293333333333333002e-01
1.293333333333333002e-01
1.286666666666667069e-01
1.286666666666667069e-01
1.286666666666667069e-01
1.273333333333332984e-01
1.273333333333332984e-01
1.266666666666667052e-01
1.266666666666667052e-01
1.253333333333332966e-01
1.246666666666667034e-01
1.239999999999999991e-01
1.239999999999999991e-01
1.239999999999999991e-01
1.239999999999999991e-01
1.246666666666667034e-01
1.246666666666667034e-01
1.246666666666667034e-01
1.246666666666667034e-01
1.246666666666667034e-01
1.246666666666667034e-01
1.246666666666667034e-01
1.233333333333332948e-01
1.233333333333332948e-01
1.233333333333332948e-01
1.226666666666667016e-01
1.226666666666667016e-01
1.226666666666667016e-01
1.226666666666667016e-01
1.226666666666667016e-01
1.219999999999999973e-01
1.213333333333332931e-01
1.206666666666666998e-01
1.199999999999999956e-01
1.193333333333332913e-01
1.186666666666666980e-01
1.186666666666666980e-01
1.186666666666666980e-01
1.186666666666666980e-01
1.186666666666666980e-01
1.186666666666666980e-01
1.186666666666666980e-01
1.186666666666666980e-01
1.186666666666666980e-01
1.186666666666666980e-01
1.179999999999999938e-01
1.179999999999999938e-01
1.166666666666666963e-01
1.166666666666666963e-01
1.166666666666666963e-01
1.166666666666666963e-01
1.159999999999999920e-01
1.159999999999999920e-01
1.159999999999999920e-01
1.166666666666666963e-01
1.159999999999999920e-01
1.159999999999999920e-01
1.159999999999999920e-01
1.159999999999999920e-01
1.159999999999999920e-01
1.159999999999999920e-01
1.159999999999999920e-01
1.159999999999999920e-01
1.153333333333332877e-01
1.153333333333332877e-01
1.153333333333332877e-01
1.146666666666666945e-01
1.146666666666666945e-01
1.146666666666666945e-01
1.146666666666666945e-01
1.146666666666666945e-01
1.146666666666666945e-01
1.139999999999999902e-01
1.139999999999999902e-01
1.139999999999999902e-01
1.133333333333332860e-01
1.133333333333332860e-01
1.133333333333332860e-01
1.133333333333332860e-01
