9.026666666666667282e-01
8.693333333333332913e-01
8.576666666666666883e-01
8.503333333333333854e-01
8.389999999999999680e-01
8.366666666666666696e-01
8.289999999999999591e-01
8.226666666666666572e-01
8.163333333333333552e-01
8.013333333333333419e-01
7.943333333333333357e-01
7.910000000000000364e-01
7.850000000000000311e-01
7.786666666666666181e-01
7.766666666666666163e-01
7.720000000000000195e-01
7.673333333333333117e-01
7.600000000000000089e-01
7.506666666666667043e-01
7.413333333333333997e-01
7.363333333333332842e-01
7.219999999999999751e-01
7.136666666666666714e-01
7.106666666666666687e-01
7.056666666666666643e-01
6.993333333333333623e-01
6.936666666666666536e-01
6.883333333333333526e-01
6.806666666666666421e-01
6.719999999999999307e-01
6.656666666666666288e-01
6.583333333333333259e-01
6.536666666666666181e-01
6.500000000000000222e-01
6.420000000000000151e-01
6.370000000000000107e-01
6.300000000000000044e-01
6.183333333333334014e-01
6.113333333333332842e-01
6.043333333333333890e-01
5.976666666666666794e-01
5.936666666666666758e-01
5.880000000000000782e-01
5.809999999999999609e-01
5.753333333333332522e-01
5.706666666666666554e-01
5.656666666666666510e-01
5.613333333333333508e-01
5.573333333333333472e-01
5.546666666666666412e-01
5.513333333333333419e-01
5.476666666666667460e-01
5.436666666666667425e-01
5.400000000000000355e-01
5.336666666666667336e-01
5.286666666666666181e-01
5.233333333333333171e-01
5.193333333333333135e-01
5.153333333333333099e-01
5.103333333333333055e-01
5.056666666666667087e-01
5.000000000000000000e-01
4.946666666666666989e-01
4.756666666666666821e-01
4.713333333333333819e-01
4.659999999999999698e-01
4.569999999999999618e-01
4.529999999999999583e-01
4.509999999999999565e-01
4.456666666666666554e-01
4.426666666666666528e-01
4.360000000000000542e-01
4.340000000000000524e-01
4.296666666666666412e-01
4.236666666666666359e-01
4.186666666666666314e-01
4.143333333333333313e-01
4.126666666666666261e-01
4.086666666666666226e-01
4.030000000000000249e-01
4.013333333333333197e-01
3.970000000000000195e-01
3.913333333333333108e-01
3.883333333333333082e-01
3.833333333333333037e-01
3.793333333333333002e-01
3.770000000000000018e-01
3.729999999999999982e-01
3.699999999999999956e-01
3.676666666666666972e-01
3.646666666666666945e-01
3.619999999999999885e-01
3.589999999999999858e-01
3.566666666666666874e-01
3.553333333333332789e-01
3.506666666666666821e-01
3.489999999999999769e-01
3.443333333333333801e-01
3.436666666666666758e-01
3.433333333333333792e-01
3.409999999999999698e-01
3.399999999999999689e-01
3.373333333333333739e-01
3.353333333333333721e-01
3.336666666666666670e-01
3.306666666666666643e-01
3.289999999999999591e-01
3.253333333333333632e-01
3.246666666666666590e-01
3.213333333333333597e-01
3.199999999999999512e-01
3.163333333333333552e-01
3.136666666666666492e-01
3.100000000000000533e-01
3.086666666666666448e-01
3.070000000000000506e-01
3.056666666666666421e-01
3.043333333333333446e-01
3.023333333333333428e-01
3.010000000000000453e-01
2.990000000000000435e-01
2.963333333333333375e-01
2.936666666666666314e-01
2.913333333333333330e-01
2.900000000000000355e-01
2.886666666666666270e-01
2.883333333333333304e-01
2.873333333333333295e-01
2.856666666666666243e-01
2.846666666666666234e-01
2.833333333333333259e-01
2.823333333333333250e-01
2.816666666666666208e-01
2.803333333333333233e-01
2.786666666666666181e-01
2.766666666666666163e-01
2.763333333333333197e-01
2.746666666666666146e-01
2.736666666666666137e-01
2.730000000000000204e-01
2.720000000000000195e-01
2.710000000000000187e-01
2.700000000000000178e-01
2.696666666666667211e-01
2.676666666666667194e-01
2.663333333333333108e-01
2.663333333333333108e-01
2.650000000000000133e-01
2.636666666666667158e-01
2.630000000000000115e-01
2.630000000000000115e-01
2.616666666666667140e-01
2.600000000000000089e-01
2.580000000000000071e-01
2.563333333333333020e-01
2.543333333333333002e-01
2.530000000000000027e-01
2.510000000000000009e-01
2.496666666666667034e-01
2.489999999999999991e-01
2.483333333333332948e-01
2.476666666666667016e-01
2.463333333333332931e-01
2.446666666666666989e-01
2.426666666666666972e-01
2.426666666666666972e-01
2.406666666666666954e-01
2.399999999999999911e-01
2.393333333333332869e-01
2.389999999999999902e-01
2.386666666666666936e-01
2.383333333333332860e-01
2.369999999999999885e-01
2.363333333333332842e-01
2.353333333333332833e-01
2.336666666666666892e-01
2.329999999999999849e-01
2.313333333333332797e-01
2.289999999999999813e-01
2.273333333333333872e-01
2.273333333333333872e-01
2.266666666666666829e-01
2.269999999999999796e-01
2.263333333333333863e-01
2.256666666666666821e-01
2.246666666666666812e-01
2.233333333333333837e-01
2.223333333333333828e-01
2.219999999999999751e-01
2.216666666666666785e-01
2.209999999999999742e-01
2.196666666666666767e-01
2.193333333333333801e-01
2.186666666666666758e-01
2.189999999999999725e-01
2.183333333333333792e-01
2.176666666666666750e-01
2.176666666666666750e-01
2.166666666666666741e-01
2.163333333333333774e-01
2.149999999999999689e-01
2.143333333333333757e-01
2.146666666666666723e-01
2.146666666666666723e-01
2.136666666666666714e-01
2.139999999999999680e-01
2.129999999999999671e-01
2.126666666666666705e-01
2.116666666666666696e-01
2.109999999999999654e-01
2.103333333333333721e-01
2.096666666666666679e-01
2.089999999999999636e-01
2.069999999999999618e-01
2.069999999999999618e-01
2.066666666666666652e-01
2.063333333333333686e-01
2.053333333333333677e-01
2.046666666666666634e-01
2.036666666666666625e-01
2.033333333333333659e-01
2.036666666666666625e-01
2.029999999999999583e-01
2.026666666666666616e-01
2.019999999999999574e-01
2.013333333333333641e-01
2.013333333333333641e-01
2.016666666666666607e-01
2.013333333333333641e-01
2.013333333333333641e-01
1.999999999999999556e-01
2.003333333333333632e-01
1.996666666666666590e-01
1.993333333333333623e-01
1.979999999999999538e-01
1.976666666666666572e-01
1.973333333333333606e-01
1.959999999999999520e-01
1.959999999999999520e-01
1.956666666666666554e-01
1.943333333333333579e-01
1.936666666666666536e-01
1.933333333333333570e-01
1.933333333333333570e-01
1.923333333333333561e-01
1.909999999999999476e-01
1.899999999999999467e-01
1.896666666666666501e-01
1.896666666666666501e-01
1.896666666666666501e-01
1.889999999999999458e-01
1.889999999999999458e-01
1.883333333333333526e-01
1.883333333333333526e-01
1.879999999999999449e-01
1.876666666666666483e-01
1.873333333333333517e-01
1.870000000000000551e-01
1.870000000000000551e-01
1.870000000000000551e-01
1.866666666666666474e-01
1.863333333333333508e-01
1.856666666666666465e-01
1.856666666666666465e-01
1.853333333333333499e-01
1.850000000000000533e-01
1.850000000000000533e-01
1.846666666666666456e-01
1.836666666666666448e-01
1.833333333333333481e-01
1.830000000000000515e-01
1.826666666666666439e-01
1.823333333333333472e-01
1.823333333333333472e-01
1.816666666666666430e-01
1.810000000000000497e-01
1.803333333333333455e-01
1.796666666666666412e-01
1.803333333333333455e-01
1.803333333333333455e-01
1.800000000000000488e-01
1.786666666666666403e-01
1.783333333333333437e-01
1.780000000000000471e-01
1.780000000000000471e-01
1.776666666666666394e-01
1.776666666666666394e-01
1.773333333333333428e-01
1.770000000000000462e-01
1.766666666666666385e-01
1.763333333333333419e-01
1.763333333333333419e-01
1.760000000000000453e-01
1.753333333333333410e-01
1.753333333333333410e-01
1.750000000000000444e-01
1.750000000000000444e-01
1.740000000000000435e-01
1.743333333333333401e-01
1.736666666666666359e-01
1.740000000000000435e-01
1.740000000000000435e-01
1.740000000000000435e-01
1.730000000000000426e-01
1.723333333333333384e-01
1.723333333333333384e-01
1.723333333333333384e-01
1.720000000000000417e-01
1.713333333333333375e-01
1.706666666666666332e-01
1.706666666666666332e-01
1.706666666666666332e-01
1.703333333333333366e-01
1.703333333333333366e-01
1.700000000000000400e-01
1.696666666666666323e-01
1.696666666666666323e-01
1.690000000000000391e-01
1.690000000000000391e-01
1.693333333333333357e-01
1.680000000000000382e-01
1.680000000000000382e-01
1.676666666666666305e-01
1.670000000000000373e-01
1.673333333333333339e-01
1.666666666666666297e-01
1.660000000000000364e-01
1.656666666666666288e-01
1.653333333333333321e-01
1.653333333333333321e-01
1.650000000000000355e-01
1.646666666666666279e-01
1.646666666666666279e-01
1.640000000000000346e-01
1.640000000000000346e-01
1.636666666666666270e-01
1.636666666666666270e-01
1.633333333333333304e-01
1.636666666666666270e-01
1.636666666666666270e-01
1.636666666666666270e-01
1.636666666666666270e-01
1.630000000000000338e-01
1.630000000000000338e-01
1.630000000000000338e-01
1.623333333333333295e-01
1.616666666666666252e-01
1.616666666666666252e-01
1.613333333333333286e-01
1.616666666666666252e-01
1.610000000000000320e-01
1.606666666666666243e-01
1.603333333333333277e-01
1.596666666666666234e-01
1.593333333333333268e-01
1.590000000000000302e-01
1.590000000000000302e-01
1.586666666666666226e-01
1.586666666666666226e-01
1.590000000000000302e-01
1.583333333333333259e-01
1.586666666666666226e-01
1.580000000000000293e-01
1.580000000000000293e-01
1.576666666666666217e-01
1.580000000000000293e-01
1.566666666666666208e-01
1.563333333333333242e-01
1.556666666666666199e-01
1.560000000000000275e-01
1.550000000000000266e-01
1.543333333333333224e-01
1.543333333333333224e-01
1.543333333333333224e-01
1.543333333333333224e-01
1.543333333333333224e-01
1.546666666666666190e-01
1.546666666666666190e-01
1.546666666666666190e-01
1.543333333333333224e-01
1.543333333333333224e-01
1.543333333333333224e-01
1.540000000000000258e-01
1.536666666666666181e-01
1.530000000000000249e-01
1.533333333333333215e-01
1.530000000000000249e-01
1.536666666666666181e-01
1.526666666666666172e-01
1.533333333333333215e-01
1.520000000000000240e-01
1.526666666666666172e-01
1.520000000000000240e-01
1.526666666666666172e-01
1.516666666666666163e-01
1.523333333333333206e-01
1.513333333333333197e-01
1.516666666666666163e-01
1.510000000000000231e-01
1.513333333333333197e-01
1.506666666666666154e-01
1.513333333333333197e-01
1.500000000000000222e-01
1.510000000000000231e-01
1.503333333333333188e-01
1.493333333333333179e-01
1.496666666666666146e-01
1.496666666666666146e-01
1.496666666666666146e-01
1.493333333333333179e-01
1.496666666666666146e-01
1.493333333333333179e-01
1.490000000000000213e-01
1.486666666666666137e-01
1.490000000000000213e-01
1.486666666666666137e-01
1.486666666666666137e-01
1.486666666666666137e-01
1.486666666666666137e-01
1.486666666666666137e-01
1.486666666666666137e-01
1.483333333333333171e-01
1.486666666666666137e-01
1.480000000000000204e-01
1.476666666666666128e-01
1.476666666666666128e-01
1.476666666666666128e-01
1.473333333333333162e-01
1.476666666666666128e-01
1.473333333333333162e-01
1.470000000000000195e-01
1.470000000000000195e-01
1.473333333333333162e-01
1.470000000000000195e-01
1.470000000000000195e-01
1.463333333333333153e-01
1.463333333333333153e-01
1.460000000000000187e-01
1.460000000000000187e-01
1.456666666666667220e-01
1.460000000000000187e-01
1.456666666666667220e-01
1.453333333333333144e-01
1.453333333333333144e-01
1.450000000000000178e-01
1.446666666666667211e-01
1.446666666666667211e-01
1.446666666666667211e-01
1.443333333333333135e-01
1.440000000000000169e-01
1.443333333333333135e-01
1.433333333333333126e-01
1.440000000000000169e-01
1.430000000000000160e-01
1.436666666666667203e-01
1.423333333333333117e-01
1.433333333333333126e-01
1.420000000000000151e-01
1.426666666666667194e-01
1.416666666666667185e-01
1.426666666666667194e-01
1.416666666666667185e-01
1.416666666666667185e-01
1.416666666666667185e-01
1.413333333333333108e-01
1.410000000000000142e-01
1.410000000000000142e-01
1.406666666666667176e-01
1.410000000000000142e-01
1.406666666666667176e-01
1.403333333333333099e-01
1.400000000000000133e-01
1.386666666666667158e-01
1.396666666666667167e-01
1.386666666666667158e-01
1.393333333333333091e-01
1.383333333333333082e-01
1.386666666666667158e-01
1.380000000000000115e-01
1.383333333333333082e-01
1.373333333333333073e-01
1.380000000000000115e-01
1.370000000000000107e-01
1.380000000000000115e-01
1.370000000000000107e-01
1.380000000000000115e-01
1.370000000000000107e-01
1.376666666666667149e-01
1.370000000000000107e-01
1.376666666666667149e-01
1.363333333333333064e-01
1.366666666666667140e-01
1.360000000000000098e-01
1.370000000000000107e-01
1.360000000000000098e-01
1.370000000000000107e-01
1.356666666666667131e-01
1.370000000000000107e-01
1.356666666666667131e-01
1.363333333333333064e-01
