8.944999999999999618e-01
8.890000000000000124e-01
8.682499999999999662e-01
8.445000000000000284e-01
8.302499999999999325e-01
8.177499999999999769e-01
8.072500000000000231e-01
8.009999999999999343e-01
7.914999999999999813e-01
7.807500000000000551e-01
7.744999999999999662e-01
7.692499999999999893e-01
7.607500000000000373e-01
7.537500000000000311e-01
7.399999999999999911e-01
7.327500000000000124e-01
7.237500000000000044e-01
7.185000000000000275e-01
7.127499999999999947e-01
7.057499999999999885e-01
6.977499999999999813e-01
6.922500000000000320e-01
6.867499999999999716e-01
6.797500000000000764e-01
6.730000000000000426e-01
6.690000000000000391e-01
6.642500000000000071e-01
6.567499999999999449e-01
6.527499999999999414e-01
6.472499999999999920e-01
6.410000000000000142e-01
6.362499999999999822e-01
6.322499999999999787e-01
6.207500000000000240e-01
6.167500000000000204e-01
6.114999999999999325e-01
6.097500000000000142e-01
6.049999999999999822e-01
6.012500000000000622e-01
6.005000000000000338e-01
5.957500000000000018e-01
5.927499999999999991e-01
5.860000000000000764e-01
5.809999999999999609e-01
5.772500000000000409e-01
5.720000000000000639e-01
5.692500000000000338e-01
5.647499999999999742e-01
5.600000000000000533e-01
5.569999999999999396e-01
5.500000000000000444e-01
5.460000000000000409e-01
5.377499999999999503e-01
5.320000000000000284e-01
5.287500000000000533e-01
5.150000000000000133e-01
5.117499999999999272e-01
5.084999999999999520e-01
5.052499999999999769e-01
5.015000000000000568e-01
4.995000000000000551e-01
4.962499999999999689e-01
4.932499999999999662e-01
4.902499999999999636e-01
4.889999999999999902e-01
4.852499999999999591e-01
4.812499999999999556e-01
4.769999999999999796e-01
4.742499999999999494e-01
4.702499999999999458e-01
4.677499999999999991e-01
4.645000000000000240e-01
4.615000000000000213e-01
4.592500000000000471e-01
4.562500000000000444e-01
4.515000000000000124e-01
4.482500000000000373e-01
4.425000000000000044e-01
4.402500000000000302e-01
4.375000000000000000e-01
4.350000000000000533e-01
4.317499999999999671e-01
4.297499999999999654e-01
4.274999999999999911e-01
4.252500000000000169e-01
4.237499999999999600e-01
4.217499999999999583e-01
4.194999999999999840e-01
4.172500000000000098e-01
4.150000000000000355e-01
4.124999999999999778e-01
4.102500000000000036e-01
4.074999999999999734e-01
4.052499999999999991e-01
4.032499999999999973e-01
3.994999999999999662e-01
3.980000000000000204e-01
3.934999999999999609e-01
3.912499999999999867e-01
3.902499999999999858e-01
3.880000000000000115e-01
3.867500000000000382e-01
3.852499999999999813e-01
3.837500000000000355e-01
3.802499999999999769e-01
3.784999999999999476e-01
3.760000000000000009e-01
3.735000000000000542e-01
3.715000000000000524e-01
3.679999999999999938e-01
3.642499999999999627e-01
3.625000000000000444e-01
3.609999999999999876e-01
3.595000000000000417e-01
3.585000000000000409e-01
3.562499999999999556e-01
3.537500000000000089e-01
3.525000000000000355e-01
3.515000000000000346e-01
3.499999999999999778e-01
3.482499999999999485e-01
3.449999999999999734e-01
3.409999999999999698e-01
3.385000000000000231e-01
3.377499999999999947e-01
3.352500000000000480e-01
3.337499999999999911e-01
3.319999999999999618e-01
3.307499999999999885e-01
3.295000000000000151e-01
3.287499999999999867e-01
3.257499999999999840e-01
3.257499999999999840e-01
3.237499999999999822e-01
3.219999999999999529e-01
3.197499999999999787e-01
3.169999999999999485e-01
3.157499999999999751e-01
3.149999999999999467e-01
3.137499999999999734e-01
3.110000000000000542e-01
3.084999999999999964e-01
3.084999999999999964e-01
3.067499999999999671e-01
3.050000000000000488e-01
3.032500000000000195e-01
3.024999999999999911e-01
3.012500000000000178e-01
3.002500000000000169e-01
3.002500000000000169e-01
2.987499999999999600e-01
2.967499999999999583e-01
2.952500000000000124e-01
2.932500000000000107e-01
2.922500000000000098e-01
2.922500000000000098e-01
2.917499999999999538e-01
2.904999999999999805e-01
2.882500000000000062e-01
2.867499999999999494e-01
2.852500000000000036e-01
2.834999999999999742e-01
2.827499999999999458e-01
2.810000000000000275e-01
2.807500000000000551e-01
2.790000000000000258e-01
2.772499999999999964e-01
2.750000000000000222e-01
2.740000000000000213e-01
2.727500000000000480e-01
2.710000000000000187e-01
2.692499999999999893e-01
2.682499999999999885e-01
2.670000000000000151e-01
2.667500000000000426e-01
2.657500000000000417e-01
2.647500000000000409e-01
2.634999999999999565e-01
2.624999999999999556e-01
2.614999999999999547e-01
2.620000000000000107e-01
2.614999999999999547e-01
2.602499999999999813e-01
2.600000000000000089e-01
2.587500000000000355e-01
2.584999999999999520e-01
2.580000000000000071e-01
2.574999999999999512e-01
2.567500000000000338e-01
2.562499999999999778e-01
2.550000000000000044e-01
2.537500000000000311e-01
2.530000000000000027e-01
2.520000000000000018e-01
2.512499999999999734e-01
2.492499999999999716e-01
2.479999999999999982e-01
2.469999999999999973e-01
2.457500000000000240e-01
2.455000000000000515e-01
2.452499999999999680e-01
2.449999999999999956e-01
2.439999999999999947e-01
2.427500000000000213e-01
2.417500000000000204e-01
2.412499999999999645e-01
2.405000000000000471e-01
2.399999999999999911e-01
2.395000000000000462e-01
2.392499999999999627e-01
2.385000000000000453e-01
2.375000000000000444e-01
2.362499999999999600e-01
2.362499999999999600e-01
2.352499999999999591e-01
2.345000000000000417e-01
2.332499999999999574e-01
2.327500000000000124e-01
2.317500000000000115e-01
2.309999999999999831e-01
2.302499999999999547e-01
2.302499999999999547e-01
2.295000000000000373e-01
2.297500000000000098e-01
2.295000000000000373e-01
2.287500000000000089e-01
2.277500000000000080e-01
2.272499999999999520e-01
2.257500000000000062e-01
2.249999999999999778e-01
2.249999999999999778e-01
2.245000000000000329e-01
2.237500000000000044e-01
2.232499999999999485e-01
2.229999999999999760e-01
2.212499999999999467e-01
2.209999999999999742e-01
2.205000000000000293e-01
2.205000000000000293e-01
2.197500000000000009e-01
2.185000000000000275e-01
2.172500000000000542e-01
2.165000000000000258e-01
2.152500000000000524e-01
2.147499999999999964e-01
2.139999999999999680e-01
2.135000000000000231e-01
2.127499999999999947e-01
2.127499999999999947e-01
2.125000000000000222e-01
2.119999999999999662e-01
2.115000000000000213e-01
2.107499999999999929e-01
2.102500000000000480e-01
2.097499999999999920e-01
2.092500000000000471e-01
2.077499999999999902e-01
2.075000000000000178e-01
2.067499999999999893e-01
2.065000000000000169e-01
2.057499999999999885e-01
2.047499999999999876e-01
2.037499999999999867e-01
2.037499999999999867e-01
2.037499999999999867e-01
2.035000000000000142e-01
2.027499999999999858e-01
2.019999999999999574e-01
2.015000000000000124e-01
2.012500000000000400e-01
2.005000000000000115e-01
1.999999999999999556e-01
1.992500000000000382e-01
1.982500000000000373e-01
1.977499999999999813e-01
1.969999999999999529e-01
1.965000000000000080e-01
1.959999999999999520e-01
1.959999999999999520e-01
1.955000000000000071e-01
1.952500000000000346e-01
1.939999999999999503e-01
1.932500000000000329e-01
1.929999999999999494e-01
1.929999999999999494e-01
1.929999999999999494e-01
1.925000000000000044e-01
1.917499999999999760e-01
1.909999999999999476e-01
1.902500000000000302e-01
1.905000000000000027e-01
1.902500000000000302e-01
1.902500000000000302e-01
1.902500000000000302e-01
1.897499999999999742e-01
1.889999999999999458e-01
1.885000000000000009e-01
1.882500000000000284e-01
1.879999999999999449e-01
1.867499999999999716e-01
1.864999999999999991e-01
1.860000000000000542e-01
1.854999999999999982e-01
1.852500000000000258e-01
1.847499999999999698e-01
1.834999999999999964e-01
1.822500000000000231e-01
1.820000000000000506e-01
1.810000000000000497e-01
1.807499999999999662e-01
1.800000000000000488e-01
1.797499999999999654e-01
1.797499999999999654e-01
1.794999999999999929e-01
1.784999999999999920e-01
1.784999999999999920e-01
1.784999999999999920e-01
1.784999999999999920e-01
1.784999999999999920e-01
1.780000000000000471e-01
1.782500000000000195e-01
1.782500000000000195e-01
1.774999999999999911e-01
1.772500000000000187e-01
1.764999999999999902e-01
1.764999999999999902e-01
1.760000000000000453e-01
1.757499999999999618e-01
1.757499999999999618e-01
1.754999999999999893e-01
1.750000000000000444e-01
1.744999999999999885e-01
1.744999999999999885e-01
1.732500000000000151e-01
1.720000000000000417e-01
1.717499999999999583e-01
1.710000000000000409e-01
1.702500000000000124e-01
1.700000000000000400e-01
1.704999999999999849e-01
1.700000000000000400e-01
1.697499999999999565e-01
1.692500000000000115e-01
1.690000000000000391e-01
1.687499999999999556e-01
1.682500000000000107e-01
1.682500000000000107e-01
1.680000000000000382e-01
1.672500000000000098e-01
1.672500000000000098e-01
1.672500000000000098e-01
1.670000000000000373e-01
1.664999999999999813e-01
1.664999999999999813e-01
1.660000000000000364e-01
1.657499999999999529e-01
1.657499999999999529e-01
1.660000000000000364e-01
1.657499999999999529e-01
1.654999999999999805e-01
1.650000000000000355e-01
1.637499999999999512e-01
1.624999999999999778e-01
1.617499999999999494e-01
1.614999999999999769e-01
1.614999999999999769e-01
1.604999999999999760e-01
1.604999999999999760e-01
1.600000000000000311e-01
1.600000000000000311e-01
1.594999999999999751e-01
1.592500000000000027e-01
1.587499999999999467e-01
1.574999999999999734e-01
1.574999999999999734e-01
1.572500000000000009e-01
1.570000000000000284e-01
1.567499999999999449e-01
1.564999999999999725e-01
1.564999999999999725e-01
1.560000000000000275e-01
1.557500000000000551e-01
1.554999999999999716e-01
1.550000000000000266e-01
1.547500000000000542e-01
1.547500000000000542e-01
1.547500000000000542e-01
1.542499999999999982e-01
1.534999999999999698e-01
1.532499999999999973e-01
1.522499999999999964e-01
1.520000000000000240e-01
1.517500000000000515e-01
1.512499999999999956e-01
1.512499999999999956e-01
1.510000000000000231e-01
1.510000000000000231e-01
1.510000000000000231e-01
1.504999999999999671e-01
1.502499999999999947e-01
1.497500000000000497e-01
1.490000000000000213e-01
1.487500000000000488e-01
1.490000000000000213e-01
1.490000000000000213e-01
1.487500000000000488e-01
1.484999999999999654e-01
1.482499999999999929e-01
1.477500000000000480e-01
1.477500000000000480e-01
1.472499999999999920e-01
1.472499999999999920e-01
1.470000000000000195e-01
1.470000000000000195e-01
1.470000000000000195e-01
1.472499999999999920e-01
1.470000000000000195e-01
1.464999999999999636e-01
1.462499999999999911e-01
1.462499999999999911e-01
1.462499999999999911e-01
1.460000000000000187e-01
1.454999999999999627e-01
1.447500000000000453e-01
1.447500000000000453e-01
1.444999999999999618e-01
1.444999999999999618e-01
1.442499999999999893e-01
1.442499999999999893e-01
1.442499999999999893e-01
1.444999999999999618e-01
1.444999999999999618e-01
1.450000000000000178e-01
1.442499999999999893e-01
1.444999999999999618e-01
1.440000000000000169e-01
1.440000000000000169e-01
1.440000000000000169e-01
1.440000000000000169e-01
1.437500000000000444e-01
1.437500000000000444e-01
1.434999999999999609e-01
1.430000000000000160e-01
1.424999999999999600e-01
1.427500000000000435e-01
1.420000000000000151e-01
1.420000000000000151e-01
1.417500000000000426e-01
1.410000000000000142e-01
1.410000000000000142e-01
1.407500000000000417e-01
1.407500000000000417e-01
1.400000000000000133e-01
1.400000000000000133e-01
1.397500000000000409e-01
1.397500000000000409e-01
1.397500000000000409e-01
1.392499999999999849e-01
1.392499999999999849e-01
1.392499999999999849e-01
1.392499999999999849e-01
1.390000000000000124e-01
1.387500000000000400e-01
1.384999999999999565e-01
1.384999999999999565e-01
1.390000000000000124e-01
1.390000000000000124e-01
1.390000000000000124e-01
1.382499999999999840e-01
1.380000000000000115e-01
1.377500000000000391e-01
1.374999999999999556e-01
1.370000000000000107e-01
1.370000000000000107e-01
1.367500000000000382e-01
1.364999999999999547e-01
1.367500000000000382e-01
1.364999999999999547e-01
1.367500000000000382e-01
1.370000000000000107e-01
1.372499999999999831e-01
1.372499999999999831e-01
1.374999999999999556e-01
1.374999999999999556e-01
1.374999999999999556e-01
1.374999999999999556e-01
1.370000000000000107e-01
1.367500000000000382e-01
1.364999999999999547e-01
1.364999999999999547e-01
1.364999999999999547e-01
1.360000000000000098e-01
1.357500000000000373e-01
1.350000000000000089e-01
1.347500000000000364e-01
1.347500000000000364e-01
1.347500000000000364e-01
1.347500000000000364e-01
1.347500000000000364e-01
1.340000000000000080e-01
