8.739999999999999991e-01
8.579999999999999849e-01
8.260000000000000675e-01
8.020000000000000462e-01
7.680000000000000160e-01
7.520000000000000018e-01
7.279999999999999805e-01
7.159999999999999698e-01
6.979999999999999538e-01
6.819999999999999396e-01
6.719999999999999307e-01
6.560000000000000275e-01
6.460000000000000187e-01
6.380000000000000115e-01
6.239999999999999991e-01
6.039999999999999813e-01
5.900000000000000799e-01
5.840000000000000746e-01
5.740000000000000657e-01
5.900000000000000799e-01
5.820000000000000728e-01
5.720000000000000639e-01
5.620000000000000551e-01
5.420000000000000373e-01
5.320000000000000284e-01
5.180000000000000160e-01
5.120000000000000107e-01
5.040000000000000036e-01
4.979999999999999982e-01
4.899999999999999911e-01
4.859999999999999876e-01
4.739999999999999769e-01
4.719999999999999751e-01
4.659999999999999698e-01
4.559999999999999609e-01
4.539999999999999591e-01
4.479999999999999538e-01
4.419999999999999485e-01
4.360000000000000542e-01
4.260000000000000453e-01
4.200000000000000400e-01
4.140000000000000346e-01
4.080000000000000293e-01
4.040000000000000258e-01
3.980000000000000204e-01
3.960000000000000187e-01
3.900000000000000133e-01
3.860000000000000098e-01
3.780000000000000027e-01
3.800000000000000044e-01
3.780000000000000027e-01
3.699999999999999956e-01
3.699999999999999956e-01
3.679999999999999938e-01
3.659999999999999920e-01
3.559999999999999831e-01
3.499999999999999778e-01
3.439999999999999725e-01
3.419999999999999707e-01
3.339999999999999636e-01
3.219999999999999529e-01
3.139999999999999458e-01
3.100000000000000533e-01
3.040000000000000480e-01
2.920000000000000373e-01
2.920000000000000373e-01
2.920000000000000373e-01
2.840000000000000302e-01
2.820000000000000284e-01
2.820000000000000284e-01
2.780000000000000249e-01
2.740000000000000213e-01
2.740000000000000213e-01
2.700000000000000178e-01
2.680000000000000160e-01
2.600000000000000089e-01
2.540000000000000036e-01
2.520000000000000018e-01
2.500000000000000000e-01
2.459999999999999964e-01
2.399999999999999911e-01
2.359999999999999876e-01
2.359999999999999876e-01
2.339999999999999858e-01
2.339999999999999858e-01
2.339999999999999858e-01
2.339999999999999858e-01
2.339999999999999858e-01
2.299999999999999822e-01
2.239999999999999769e-01
2.239999999999999769e-01
2.219999999999999751e-01
2.199999999999999734e-01
2.159999999999999698e-01
2.139999999999999680e-01
2.139999999999999680e-01
2.119999999999999662e-01
2.079999999999999627e-01
2.039999999999999591e-01
2.039999999999999591e-01
2.019999999999999574e-01
2.019999999999999574e-01
1.999999999999999556e-01
1.999999999999999556e-01
1.979999999999999538e-01
1.979999999999999538e-01
1.959999999999999520e-01
1.919999999999999485e-01
1.939999999999999503e-01
1.919999999999999485e-01
1.879999999999999449e-01
1.840000000000000524e-01
1.780000000000000471e-01
1.740000000000000435e-01
1.740000000000000435e-01
1.720000000000000417e-01
1.720000000000000417e-01
1.720000000000000417e-01
1.720000000000000417e-01
1.680000000000000382e-01
1.660000000000000364e-01
1.660000000000000364e-01
1.660000000000000364e-01
1.660000000000000364e-01
1.640000000000000346e-01
1.640000000000000346e-01
1.640000000000000346e-01
1.640000000000000346e-01
1.600000000000000311e-01
1.580000000000000293e-01
1.560000000000000275e-01
1.540000000000000258e-01
1.540000000000000258e-01
1.540000000000000258e-01
1.540000000000000258e-01
1.500000000000000222e-01
1.500000000000000222e-01
1.500000000000000222e-01
1.500000000000000222e-01
1.500000000000000222e-01
1.480000000000000204e-01
1.480000000000000204e-01
1.480000000000000204e-01
1.480000000000000204e-01
1.480000000000000204e-01
1.480000000000000204e-01
1.480000000000000204e-01
1.460000000000000187e-01
1.460000000000000187e-01
1.440000000000000169e-01
1.420000000000000151e-01
1.400000000000000133e-01
1.380000000000000115e-01
1.360000000000000098e-01
1.320000000000000062e-01
1.320000000000000062e-01
1.300000000000000044e-01
1.300000000000000044e-01
1.300000000000000044e-01
1.300000000000000044e-01
1.300000000000000044e-01
1.280000000000000027e-01
1.280000000000000027e-01
1.260000000000000009e-01
1.239999999999999991e-01
1.239999999999999991e-01
1.260000000000000009e-01
1.260000000000000009e-01
1.260000000000000009e-01
1.260000000000000009e-01
1.260000000000000009e-01
1.260000000000000009e-01
1.239999999999999991e-01
1.239999999999999991e-01
1.239999999999999991e-01
1.239999999999999991e-01
1.239999999999999991e-01
1.239999999999999991e-01
1.239999999999999991e-01
1.239999999999999991e-01
1.219999999999999973e-01
1.219999999999999973e-01
1.219999999999999973e-01
1.219999999999999973e-01
1.219999999999999973e-01
1.219999999999999973e-01
1.219999999999999973e-01
1.219999999999999973e-01
1.199999999999999956e-01
1.159999999999999920e-01
1.159999999999999920e-01
1.159999999999999920e-01
1.139999999999999902e-01
1.139999999999999902e-01
1.139999999999999902e-01
1.139999999999999902e-01
1.139999999999999902e-01
1.139999999999999902e-01
1.139999999999999902e-01
1.139999999999999902e-01
1.119999999999999885e-01
1.099999999999999867e-01
1.079999999999999849e-01
1.079999999999999849e-01
1.079999999999999849e-01
1.079999999999999849e-01
1.079999999999999849e-01
1.079999999999999849e-01
1.079999999999999849e-01
1.079999999999999849e-01
1.079999999999999849e-01
1.079999999999999849e-01
1.079999999999999849e-01
1.079999999999999849e-01
1.079999999999999849e-01
1.079999999999999849e-01
1.059999999999999831e-01
1.059999999999999831e-01
1.019999999999999796e-01
9.999999999999997780e-02
9.999999999999997780e-02
9.999999999999997780e-02
9.999999999999997780e-02
9.999999999999997780e-02
9.999999999999997780e-02
9.999999999999997780e-02
9.799999999999997602e-02
9.799999999999997602e-02
9.399999999999997247e-02
9.399999999999997247e-02
9.399999999999997247e-02
9.399999999999997247e-02
9.399999999999997247e-02
9.399999999999997247e-02
9.399999999999997247e-02
9.399999999999997247e-02
9.399999999999997247e-02
9.399999999999997247e-02
9.399999999999997247e-02
9.399999999999997247e-02
9.399999999999997247e-02
9.399999999999997247e-02
9.399999999999997247e-02
9.199999999999997069e-02
9.199999999999997069e-02
9.199999999999997069e-02
8.999999999999996891e-02
8.999999999999996891e-02
8.999999999999996891e-02
8.999999999999996891e-02
8.999999999999996891e-02
8.999999999999996891e-02
8.999999999999996891e-02
8.999999999999996891e-02
8.999999999999996891e-02
8.799999999999996714e-02
8.799999999999996714e-02
8.799999999999996714e-02
8.799999999999996714e-02
8.799999999999996714e-02
8.799999999999996714e-02
8.799999999999996714e-02
8.799999999999996714e-02
8.799999999999996714e-02
8.799999999999996714e-02
8.799999999999996714e-02
8.799999999999996714e-02
8.799999999999996714e-02
8.799999999999996714e-02
8.399999999999996358e-02
8.399999999999996358e-02
8.199999999999996181e-02
8.199999999999996181e-02
8.199999999999996181e-02
8.199999999999996181e-02
8.199999999999996181e-02
8.199999999999996181e-02
8.199999999999996181e-02
8.199999999999996181e-02
8.199999999999996181e-02
8.199999999999996181e-02
8.199999999999996181e-02
7.799999999999995826e-02
7.799999999999995826e-02
7.799999999999995826e-02
7.799999999999995826e-02
7.799999999999995826e-02
7.799999999999995826e-02
7.799999999999995826e-02
7.799999999999995826e-02
7.799999999999995826e-02
7.599999999999995648e-02
7.599999999999995648e-02
7.599999999999995648e-02
7.599999999999995648e-02
7.399999999999995470e-02
7.399999999999995470e-02
7.399999999999995470e-02
7.399999999999995470e-02
7.199999999999995293e-02
7.199999999999995293e-02
7.199999999999995293e-02
7.199999999999995293e-02
6.999999999999995115e-02
7.199999999999995293e-02
6.999999999999995115e-02
6.799999999999994937e-02
6.799999999999994937e-02
6.799999999999994937e-02
6.799999999999994937e-02
6.799999999999994937e-02
6.599999999999994760e-02
6.599999999999994760e-02
6.599999999999994760e-02
6.599999999999994760e-02
6.599999999999994760e-02
6.200000000000005507e-02
6.200000000000005507e-02
6.200000000000005507e-02
6.200000000000005507e-02
6.200000000000005507e-02
6.200000000000005507e-02
6.000000000000005329e-02
6.000000000000005329e-02
6.000000000000005329e-02
6.000000000000005329e-02
5.800000000000005151e-02
5.600000000000004974e-02
5.600000000000004974e-02
5.600000000000004974e-02
5.600000000000004974e-02
5.600000000000004974e-02
5.600000000000004974e-02
5.600000000000004974e-02
5.400000000000004796e-02
5.400000000000004796e-02
5.400000000000004796e-02
5.400000000000004796e-02
5.400000000000004796e-02
5.400000000000004796e-02
5.200000000000004619e-02
5.200000000000004619e-02
5.200000000000004619e-02
5.200000000000004619e-02
5.200000000000004619e-02
5.200000000000004619e-02
5.000000000000004441e-02
5.000000000000004441e-02
5.000000000000004441e-02
5.000000000000004441e-02
5.000000000000004441e-02
5.000000000000004441e-02
5.000000000000004441e-02
5.000000000000004441e-02
5.000000000000004441e-02
5.000000000000004441e-02
5.000000000000004441e-02
5.000000000000004441e-02
5.000000000000004441e-02
5.000000000000004441e-02
5.000000000000004441e-02
5.000000000000004441e-02
5.000000000000004441e-02
5.000000000000004441e-02
5.000000000000004441e-02
5.000000000000004441e-02
5.000000000000004441e-02
5.000000000000004441e-02
5.000000000000004441e-02
5.000000000000004441e-02
5.000000000000004441e-02
5.000000000000004441e-02
5.000000000000004441e-02
5.000000000000004441e-02
5.000000000000004441e-02
5.000000000000004441e-02
5.000000000000004441e-02
5.000000000000004441e-02
5.000000000000004441e-02
5.000000000000004441e-02
5.000000000000004441e-02
5.000000000000004441e-02
5.000000000000004441e-02
5.000000000000004441e-02
5.000000000000004441e-02
5.000000000000004441e-02
4.800000000000004263e-02
4.800000000000004263e-02
4.800000000000004263e-02
4.800000000000004263e-02
4.800000000000004263e-02
4.800000000000004263e-02
4.800000000000004263e-02
4.800000000000004263e-02
4.800000000000004263e-02
4.800000000000004263e-02
4.800000000000004263e-02
4.800000000000004263e-02
4.800000000000004263e-02
4.800000000000004263e-02
4.800000000000004263e-02
4.800000000000004263e-02
4.800000000000004263e-02
4.800000000000004263e-02
4.800000000000004263e-02
4.800000000000004263e-02
4.600000000000004086e-02
4.600000000000004086e-02
4.600000000000004086e-02
4.600000000000004086e-02
4.600000000000004086e-02
4.600000000000004086e-02
4.600000000000004086e-02
4.600000000000004086e-02
4.600000000000004086e-02
4.600000000000004086e-02
4.600000000000004086e-02
4.600000000000004086e-02
4.600000000000004086e-02
4.600000000000004086e-02
4.400000000000003908e-02
4.400000000000003908e-02
4.400000000000003908e-02
4.400000000000003908e-02
4.400000000000003908e-02
4.400000000000003908e-02
4.400000000000003908e-02
4.400000000000003908e-02
4.400000000000003908e-02
4.200000000000003730e-02
4.200000000000003730e-02
4.200000000000003730e-02
4.200000000000003730e-02
4.000000000000003553e-02
4.000000000000003553e-02
4.000000000000003553e-02
4.000000000000003553e-02
4.000000000000003553e-02
4.000000000000003553e-02
4.000000000000003553e-02
4.000000000000003553e-02
3.800000000000003375e-02
3.800000000000003375e-02
3.800000000000003375e-02
3.800000000000003375e-02
3.800000000000003375e-02
3.800000000000003375e-02
3.800000000000003375e-02
3.800000000000003375e-02
3.800000000000003375e-02
3.800000000000003375e-02
3.800000000000003375e-02
3.800000000000003375e-02
3.800000000000003375e-02
3.800000000000003375e-02
3.800000000000003375e-02
3.800000000000003375e-02
3.800000000000003375e-02
3.800000000000003375e-02
3.800000000000003375e-02
3.800000000000003375e-02
3.800000000000003375e-02
3.800000000000003375e-02
3.800000000000003375e-02
3.600000000000003197e-02
3.600000000000003197e-02
3.400000000000003020e-02
3.400000000000003020e-02
3.400000000000003020e-02
3.400000000000003020e-02
3.400000000000003020e-02
3.400000000000003020e-02
3.400000000000003020e-02
3.400000000000003020e-02
3.400000000000003020e-02
3.200000000000002842e-02
3.000000000000002665e-02
3.000000000000002665e-02
3.000000000000002665e-02
3.000000000000002665e-02
3.000000000000002665e-02
3.000000000000002665e-02
3.000000000000002665e-02
2.800000000000002487e-02
2.800000000000002487e-02
2.800000000000002487e-02
2.800000000000002487e-02
2.800000000000002487e-02
2.800000000000002487e-02
2.800000000000002487e-02
2.800000000000002487e-02
2.800000000000002487e-02
2.800000000000002487e-02
2.800000000000002487e-02
2.800000000000002487e-02
2.800000000000002487e-02
2.600000000000002309e-02
2.600000000000002309e-02
2.600000000000002309e-02
2.600000000000002309e-02
