-3.886194777420974300e-01 -2.546048544137651248e-01 -1.163035895657858615e-01 -2.040473244913977025e-01 4.718418322707234464e-03 4.347820045636295316e-01 -2.784758529458649656e-01 3.071760490987293646e-01 -4.961892527226996474e-01 5.787131310394436068e-02
6.602415073657036393e-01 -2.108729720299747090e-01 -2.235773632094906482e-01 -1.724156583179499436e-02 -1.884860653703066546e-01 -2.051941382738906305e-01 5.765796146100657937e-01 -2.999794148253102644e-01 7.171534867207937647e-02 1.146002175888626851e-01
-3.992188516810432630e-01 2.862334343221191735e-01 4.115962722218402536e-02 -2.661572655147038668e-01 1.210155828767650044e-01 1.600842718531494124e-01 6.403293206996901743e-01 -1.918562036397063741e-01 -5.070509160988769803e-01 1.370885891577741655e-01
-2.801172570148961413e-02 3.543892668707083748e-01 1.480251346394477752e-01 -3.644649102298714860e-01 1.806184460977950379e-01 -2.577724277668071440e-01 3.256144356517159388e-01 9.149628062030233655e-02 -1.530074238599750946e-01 -9.513695263111540679e-02
1.757282474858831989e-01 1.930750046911418882e-01 -2.429819162914837183e-01 -5.268751783414864351e-04 6.083972378287498817e-01 7.330677899452940627e-02 -1.575063328575172505e-01 -6.524745350484992823e-01 3.453754757078531662e-02 -2.168826256264692887e-01
5.245776464335683009e-01 5.375929850154034240e-01 -2.205672642571507303e-01 -1.363633404329468446e-01 2.337133205972025674e-01 1.039005178508794619e-01 -1.493201897863478678e-01 1.623991577263796393e-01 4.129467400523564174e-02 4.570708816416327314e-01
-1.831489492097709004e-01 -2.553630387851782424e-01 -3.919530096749313519e-01 4.279281635467875322e-01 -4.952431392268417942e-02 1.279405274842997653e-01 3.735243413575214944e-01 -1.356873925046337970e-01 -3.380710555881490942e-01 2.745753461828457365e-01
2.900062651373036537e-01 -3.077338181247571969e-01 4.942567882845653182e-01 5.432862468843285483e-04 -1.513893318280136735e-01 7.201762771675589148e-02 3.330049026767722010e-03 -3.939664637095326438e-01 -3.525060387755774016e-01 1.221457790419456374e-01
-1.795314934732524792e-01 -3.840308842163974723e-01 -3.264017115961636434e-02 -2.582357936509930840e-01 1.664391471009098733e-01 1.638003281303498371e-01 2.620639328442599392e-01 -1.371401142213523328e-01 1.493519723958056655e-01 -5.091124635078438793e-02
1.111792990716174573e-01 -4.712043817548003943e-01 1.949789778067541890e-01 2.616354734699935167e-02 1.887928934084763810e-01 1.658734769023451350e-01 -2.829055865631439626e-01 -3.708230882036224196e-01 9.745326266038543961e-03 2.793319440310743640e-01
