-6.688849013940960375e-02 -5.991417810121069804e-02 -1.603819598995366580e-02 6.649894791489889545e-02 5.833138043562923203e-01 5.852625767806660662e-01 -4.031859240376173270e-01 -6.567704336871865722e-02 -2.888200072910346861e-01 -1.503426162295777857e-01
3.896598369931347783e-01 -4.094243362987807222e-01 -2.493396984597702204e-01 6.507679154556899985e-04 4.220808864775897340e-01 -4.599518104015989928e-01 1.520518593802790974e-01 -3.022671064747534664e-01 8.015442256720678449e-02 -2.668131184035796855e-01
4.500942604255032675e-01 -1.825800852492777959e-01 -1.177363723144159019e-01 4.223047561164309793e-01 -1.237276441496898000e-01 2.400965487747679095e-02 -3.375443420427233776e-01 -3.729992715641031187e-01 -1.393497616688592622e-01 2.489843687064622890e-01
-1.674126916352746963e-01 -5.885892996743888328e-02 2.078414597262604468e-01 3.584089949020778376e-01 -3.955704481985594656e-01 1.688306546615480352e-01 1.630267401808811398e-02 4.332848497974473023e-01 -7.911616990642053593e-02 -8.407295517044802158e-02
1.945970453319374183e-01 4.419164665485653676e-01 8.641674183869835213e-02 -3.878608529876086397e-01 -6.456008307083266340e-02 -1.798822588343880202e-01 3.538686370175264662e-02 3.316511157611267691e-01 -9.097940550734057163e-02 5.185565467792052630e-01
-1.019911388120915835e-01 2.760276425229336583e-01 3.877959461199936841e-02 6.632175226856847072e-02 -4.162669315875940357e-01 3.663473744731847170e-01 3.242266220438536073e-02 2.205187712165044833e-01 -3.065962290590165673e-01 -2.336641415300094171e-01
7.146634666537360348e-01 -4.655994359691720957e-03 -4.271510320746617351e-02 -4.079295621432388885e-01 -1.177845415346142066e-01 6.889879279118546473e-02 -2.648754562705196158e-01 4.033258470005467999e-01 2.895128502890808031e-01 -5.245085433155051435e-02
-7.443623485325642775e-02 -3.078351888119648661e-01 3.153247614689917988e-01 -1.416752007587410156e-02 2.053834852252178489e-01 2.182783146294647869e-01 3.321449237959261946e-02 4.004138430154498968e-02 -2.283353370915598146e-01 5.251037261541919854e-01
-1.880770690764283631e-02 3.653272928274397396e-02 2.718351306071476459e-01 -3.846580691903715016e-02 -4.578493355402933340e-01 -4.828678176149643619e-02 3.023356202816901983e-01 6.979710350573664623e-02 2.654678523900569354e-01 -1.824633270940282659e-01
1.256675139423537035e-01 1.308531733375556116e-01 4.065045174940585815e-01 -2.880032948216365574e-01 -3.777878953141423080e-01 1.000250367022679776e-01 1.623363066284060630e-01 5.466068282605791168e-02 1.704096052668886141e-01 2.204244941609370956e-01
