3.642579463086959568e-01 2.912321353824624537e-01 4.276415840844271510e-01 -3.659399504098764244e-01 -2.135107367356282593e-01 -3.923138176207489058e-01 3.191518316884578987e-01 -3.817336309201658229e-01 -2.490949115578608708e-01 3.635744859140954133e-01
-3.133836485041227582e-01 4.142376139119231526e-01 -6.951728016854383796e-01 7.695966531568819435e-02 1.303317109719882572e-01 5.915943742375907588e-01 -4.445081613335793297e-02 8.017125742101134656e-02 1.080708719844168803e-01 -4.752339297895118997e-01
1.032092427432742265e-01 -1.224275463400692765e-01 1.708394498561088132e-02 -7.531010785334500968e-01 3.523407838148592264e-01 -1.708029329976992750e-01 -1.943998659696145187e-02 -5.019810299461613390e-01 3.502789858062106965e-01 6.282006593032745008e-03
1.534857196525673054e-02 -3.214413933664737599e-01 4.238354314935842693e-01 -3.914624899463611252e-01 -1.257505055797230320e-01 8.560016895170233231e-02 -2.827680866153143846e-01 3.111893936147654971e-01 1.626583932967972101e-01 -9.274313872471336151e-02
7.679659488761934050e-01 1.246594828616865575e-01 -4.692136520738241501e-01 1.411328102444452115e-01 -3.580553438252768728e-01 6.272087916652251405e-01 -2.035102991484090962e-01 -2.770465041671590911e-01 -5.712690765692070294e-02 -6.660634492069590629e-02
3.039844872408225540e-01 -3.900926772045985175e-02 5.800655826308639268e-02 5.280938617154064263e-02 -2.907713650606406561e-02 -3.702615342484474326e-01 -2.430369451618271393e-01 2.711170351714740634e-01 -3.687776144014966451e-01 4.511216251217937123e-01
6.033212160225711607e-01 -4.207548335026625175e-01 -7.678301499843027678e-01 -3.387238099473917630e-01 3.089167588457596425e-01 4.889034027684299039e-02 3.774514250667453941e-01 -4.618483040318673849e-01 -4.115918656927348290e-02 1.442638158543551874e-01
7.362847967729609089e-02 3.706487878844806350e-01 3.031802337100068453e-02 -1.353688707396600022e-01 -6.174211390406930677e-01 1.451956288261249117e-01 -1.223629716068422857e-01 -8.051273168421053950e-02 5.796132862904543881e-01 -3.839560983324635246e-01
-1.284839600394757919e-01 -5.325333874487313546e-01 -2.041112902195990897e-01 3.030734714322867451e-01 1.603917244533419606e-01 -3.880197697674634405e-01 -7.566889158262696258e-02 -1.439986268412423998e-01 -7.739958180433377521e-02 -1.739171146479414065e-01
3.117504175398106425e-01 -1.952087747746179824e-01 -6.563424055085240183e-02 3.138573426178161707e-01 -4.548416021583283064e-01 8.247842916432539251e-02 4.297455599191390418e-01 -2.514694299281665657e-01 1.846163964955904457e-01 -6.698979847354449846e-02
