-4.713194934582323192e-01 8.667311462256113708e-02 -4.228311937329266162e-02 3.127138646127629040e-01 -3.318232994494023091e-01 -3.557122028392110669e-01 -1.424815148896078909e-01 4.298327162424631642e-01 2.209654332982271541e-01 5.371784880626102182e-02
1.667181845029138687e-01 -2.516811256882462433e-01 -1.076583208749675169e-01 -4.607865308567618001e-01 6.062559266944645975e-01 4.460366168834432876e-02 -4.568185687194418199e-01 -5.563566753416506749e-01 -4.789892383795849584e-01 -2.315150676662013629e-01
3.632110605060717701e-01 2.671210445049547744e-01 1.636641095254797729e-01 2.486957803137945788e-01 3.244160529665304216e-01 -7.878247847671117354e-02 1.894874409332979182e-02 3.037280634568947368e-01 -7.126598933480620124e-01 8.446353859591320193e-03
-4.028400704947537325e-01 -9.748909603205739571e-02 -1.513836374284690256e-01 -1.383622809417738297e-01 4.564844168905968225e-02 3.647409576244031726e-01 -1.258916775998608628e-01 4.092871877944732617e-01 -1.994225716886869615e-01 1.268981792565507805e-01
4.568911612629781849e-01 1.892227859200641404e-01 5.118115531177618305e-01 -1.055985753731601973e-01 -4.230876140901422278e-01 6.367612897722459975e-01 -3.341183605114393662e-02 -2.610706787109906002e-01 2.052007479200984585e-01 -5.777904654042819166e-01
3.031650336464731810e-01 2.231801769381646511e-02 1.773128976939985779e-01 -7.762294284100008934e-02 -7.219801103648489093e-02 1.194001299425676843e-01 -5.395770654871466510e-02 1.591273095268216642e-01 4.264546447310906263e-01 -2.234904280644561259e-01
2.024030409120356755e-01 1.873714097654883837e-01 5.545258889708165606e-01 -1.507200023726440186e-01 1.750305493109667598e-01 -3.945185341501049048e-01 3.873971891607770890e-01 -7.590460014191696692e-02 1.903516204121745992e-01 -5.948636458660101489e-01
-1.658142074781453756e-01 -3.910983983867702962e-01 6.066020573130570005e-04 -2.300744077682880528e-01 -2.575728191359272778e-01 3.349133806445548367e-01 -1.724339639311396610e-01 -3.186883111151055936e-01 -3.206985407638616725e-01 5.838694853576167354e-01
7.684761971533791980e-02 -1.420452044318300244e-01 -2.873463268466032172e-01 -1.649630469451512926e-01 2.533399873580692296e-01 2.168289585154116184e-01 -9.958548181821770540e-02 -4.392533634765557471e-01 2.799626149196861036e-01 -2.261084651216815899e-01
3.030169708573197673e-01 -2.153436305945606588e-01 2.945233438911669666e-01 -2.661590790547711527e-01 -1.455252991982974309e-01 2.981077475066285509e-01 2.919363084700271060e-01 -7.271463033818936772e-02 4.897776650167242479e-02 1.663281814472475362e-01
