1.371697849932347057e-01 -6.413847871693251212e-01 -4.162162248112567103e-02 -4.393623878984715958e-01 5.281588034135242804e-01 1.140145246016773389e-01 3.469519538765399314e-01 -2.487352457896857549e-01 -5.400371480888251918e-01 -3.964988077400375399e-01
6.775334657933963500e-01 -6.160289604806442609e-01 3.889134431795798763e-02 6.208846838489849862e-01 -5.498158015336792603e-01 -1.645989469870713928e-01 -2.702284940671986768e-01 1.734504273643570071e-01 1.652554688656028559e-01 -2.782952732676665653e-01
1.370774611088308448e-01 -4.044331010310395769e-01 -1.967874190556909431e-01 1.771738954397922838e-01 -2.346676314927710061e-01 2.935237838841484592e-01 -3.115378687077584030e-01 -5.306194404632565975e-01 4.110395564149664782e-01 7.166867340083800386e-02
7.707847855288034455e-02 -3.315501604181299022e-01 -5.139830183035899447e-01 2.301476174864185431e-01 -1.631753247771686177e-01 2.674116125434896629e-01 2.514635764963878417e-01 4.158531713175572103e-02 1.759159020106940974e-01 2.933969420082158455e-02
4.690335808750035196e-01 3.501582449318565993e-01 9.295199124613830188e-02 2.879609188531294106e-01 -3.683524248697254699e-01 -2.393374588264190750e-01 -3.618723556508449679e-01 1.570220091396950790e-01 -3.128414948224577108e-01 1.079542788637340989e-01
-5.486308348966063148e-02 -4.317763811385456202e-02 -3.368046015381602476e-02 1.208677614140240691e-01 -5.288041576053294224e-02 4.016229218325897965e-02 4.490531600149108016e-01 -2.933729461507201819e-01 -2.184944418518751652e-01 4.530283199597236465e-01
-3.325595369701996318e-01 -3.038399633237124364e-01 6.980283317012277999e-01 -3.245971624145458367e-01 -1.949375606569600516e-01 -8.437068679174758445e-02 -2.284306873590358222e-01 -1.346078286961837900e-01 -3.475360512845968031e-01 2.472122895927057196e-01
7.702321883548866877e-02 -3.102540094805097404e-01 -3.821210423583327187e-01 2.770546472913653635e-01 3.775504545261926803e-01 -1.732998278294113070e-01 -5.588089199525985151e-01 3.701229762941788959e-01 8.931775527316544727e-02 2.144442587857914861e-01
1.452267094329001973e-01 -1.347756605114331929e-01 9.728312833328905951e-02 3.712690792110599075e-02 -1.612054490040314980e-01 -1.142279343229572336e-01 6.792476557973096962e-02 -3.588512849398149962e-01 1.502209589210510565e-01 -4.309935447036593592e-01
-4.085999868098475624e-02 1.036719819713815688e-01 -2.079621839920947901e-01 -1.259242077096295598e-01 5.027641228383356725e-02 -2.708545939118286450e-01 -1.588312267681566137e-01 9.335763948517843136e-02 2.846385055848748777e-02 -2.497284513306732845e-01
