-2.415829369424248863e-01 -1.897557249142565461e-01 4.418352464955235259e-01 4.349564400023626411e-03 -3.583015411397758587e-01 2.687728280701358052e-01 -1.618928717974980891e-01 -5.624212057391130698e-02 -3.494386490805814760e-01 1.285143185676152766e-01
2.918573469128705744e-01 -2.258335273895254736e-01 -7.073778150998665248e-01 -5.354847346500984928e-02 3.588813671001392369e-02 -2.978756596014774938e-01 1.972350912541709616e-03 -2.276483201692827418e-01 3.807568276667174789e-01 -4.382393881823637427e-01
-8.389777272422158094e-02 -7.217395592661550452e-02 1.886062874134147860e-02 -6.545965088094519990e-02 -2.825510982970364515e-01 1.631080673019294491e-01 3.806196393904396347e-01 3.084296321711305633e-01 2.386554350208370257e-01 -1.376442918948749816e-01
3.453301872285544638e-01 -2.240330516628557533e-01 -1.444635344343289489e-02 -4.080608687134167356e-01 -7.953197229128484980e-02 2.124349910896315419e-01 -2.381873770744138419e-01 -3.893597006562810603e-01 1.875108088668057393e-01 -6.743109734596670901e-02
-7.265068342224879905e-02 -1.099766902705811011e-01 -2.598833116436543023e-01 5.074614765368937880e-02 4.106160183302314248e-01 -4.950047417565046903e-02 -1.158242843341599770e-01 4.582153682993849730e-01 -5.140787124709077505e-01 7.226957270827062685e-02
3.389952746362590585e-01 -1.917429247790399804e-01 3.782858549346238691e-02 -2.117780794910408687e-02 1.094521508889817057e-01 1.618013240739599734e-01 1.199980234414682462e-01 -2.301656319067288403e-02 -5.066488861667592936e-01 1.031188494305631115e-01
-7.816550008506222003e-02 -8.119718852743723625e-02 -1.283149746668408586e-01 4.005902685928559581e-01 -1.284426660581432511e-01 -5.533105934092747563e-02 3.339440931036138926e-01 3.014975016036676725e-01 -1.419607572284885544e-01 2.993294140342198650e-01
-3.452485046260709289e-01 -2.154169687037847392e-01 -2.190510229838734113e-01 -2.059077519409237556e-01 7.506922416955554012e-02 5.900467902075114957e-01 4.617689903508073040e-02 7.318554125607068528e-02 1.822678023557771920e-01 3.916527176110549679e-01
1.023008003173111885e-01 3.543572503967950538e-01 1.028641780415643081e-01 -9.945852767053581234e-02 2.152719040627798786e-01 -2.818694665683904588e-01 4.485282781897934751e-02 3.833633317567373966e-02 -7.113130994957503339e-02 -3.169068814475559104e-01
-3.380676698497877553e-01 -1.553587687148412499e-01 -5.794979632875380676e-02 -2.054327326028266287e-01 3.633048200115586712e-01 1.708829343441946869e-01 -1.140701717800501752e-01 -2.015334095965596803e-02 -5.196015876644782816e-02 2.690185949877816896e-01
