-2.354883678848109230e-01 4.213229225913729392e-01 -1.912844480877156361e-01 2.283093702422281379e-01 -4.582912537902211203e-01 3.931716867030900509e-01 2.253566653565563793e-01 2.078066521435052993e-01 -8.314227776580361551e-02 -1.183452433565416462e-01
3.776284710131911360e-01 -2.442829356547032149e-01 -3.371984327925282854e-02 -3.328190334578026710e-01 -5.257398561006841886e-01 -2.363029977564786444e-01 -4.142262284233338421e-01 9.841815028793438058e-02 7.838282106310442421e-01 -4.611401163730919489e-02
3.791445906113745656e-01 -2.410923788729536221e-01 1.817705552052553963e-01 -1.790614920665746790e-01 -2.808303643024762652e-01 -1.558918359347462035e-01 5.468085797387677305e-01 1.814397683497342983e-01 4.212868862225979671e-02 -4.614347155235460317e-03
-1.095895974872816009e-01 3.002600010786790619e-01 2.645906577362671080e-03 -1.199640860324435315e-01 -1.565963185789843171e-01 -3.055051442244113846e-01 1.949126092442688973e-01 1.757667384243710995e-01 4.309508507642683117e-01 5.519194519939556454e-01
1.194623468878549533e-01 3.815522253701076338e-01 -6.288953106595596143e-01 -2.458335338364480982e-01 4.761062945670500035e-01 1.070886420690469604e-01 -2.507603440847794851e-01 1.791913427724997343e-01 -1.492746482055656576e-01 -8.319904480077766618e-02
-2.473188484828687250e-01 3.180734268871910353e-01 6.747022536378381730e-02 3.309434431756608785e-01 -2.754958373758341628e-01 -3.939209373487514987e-01 2.634587838690865408e-02 -1.888765907216692630e-01 1.461265963228309227e-02 4.421927801080588472e-01
6.627910147261864005e-01 9.279744822562874945e-03 4.009294261420379840e-02 6.162251667200559224e-02 -4.193978019157237891e-01 2.968453644069566494e-02 -2.421752222093431772e-01 3.885786933898456863e-01 -2.125051509521550808e-01 -7.251193978701983567e-02
2.318693155780757794e-03 1.952056403945884311e-01 4.302525022112476671e-01 -4.514822201820898329e-01 9.862415895613885208e-02 3.381434120307155178e-01 1.380228091406449364e-01 2.472069731443504448e-01 3.324534799101101501e-01 4.650924286019743337e-02
9.761796332421202038e-02 2.964528291822153827e-01 -4.024521345915804127e-01 2.436868075734604233e-01 -2.767189785585758011e-01 -3.856047072924715935e-01 -6.058762159987961943e-02 -2.688615921403552655e-01 3.742604498950442005e-01 3.386697727091332599e-03
-1.888176941781893534e-02 3.759008328780936159e-01 1.233218821768622062e-02 -1.178043847440904124e-01 2.180105947667752009e-01 4.919452454184582157e-02 -1.014049942449844477e-01 2.636660629788318277e-01 2.546862981178766305e-01 1.896490019482764688e-02
