2.428089872635045277e-01 -1.963407701359255464e-01 6.313034130284450596e-01 -4.004502073066817380e-01 2.144696627635620800e-01 2.807897857832446498e-01 1.652993402832413361e-01 -9.915110841135638120e-02 -2.387927149862466569e-01 1.051093083041934953e-02
-6.196580953624480914e-01 -2.380825167702500522e-01 -4.006371259368161630e-01 4.786048743628583679e-01 4.853680178911829596e-02 -1.164426111838034045e-01 -3.611172898687805000e-01 -2.134778696695206202e-01 5.684812834294643569e-01 1.034123735148299444e-01
5.603744700146504748e-02 2.468527294814468198e-02 2.212444326471464939e-01 6.053137421698688847e-01 4.476977568524173612e-01 2.231324506840130506e-01 -1.211123478570207690e-01 3.895594844695817599e-02 -1.034268079282192748e-01 -3.569504512210625591e-01
-1.348104186761174272e-01 -2.686585949500115266e-03 3.863503498540069026e-01 1.168661311701824496e-01 -3.489437622441308728e-01 1.202523943940076584e-01 -3.086043614432428250e-01 -4.867546259985503498e-01 3.547951609007742313e-01 -1.457785733930160900e-02
3.502636915174185406e-01 3.751024493486482259e-01 -4.191777104954125255e-01 -5.888914613948029869e-02 9.501858951731197156e-02 -3.113275458085943727e-03 -4.242368970767191466e-02 3.320614590909400921e-01 -4.871533360146540481e-02 -4.395963308435142380e-01
2.394059750112298157e-01 -1.554722282099796071e-01 1.981128675046894827e-01 -1.346583055224644665e-01 2.632855705944482927e-01 1.512297759121403185e-01 6.284359540497884700e-01 3.078583581527411517e-01 2.149589533000162977e-01 -3.789585413744854248e-01
4.751179530601139511e-01 -3.118690826301745433e-01 -1.570222571941427003e-01 3.244621514566034537e-01 4.195974330857535906e-01 -4.282577996782072072e-02 1.441024817333936558e-01 -1.580144782591074715e-01 -2.761043563434656956e-01 -2.555533827354815046e-01
-3.811462876535670619e-01 6.324274731936051497e-01 3.407060932564234257e-01 1.678311802888102222e-01 2.182248925588813893e-01 1.540693627825001355e-01 -2.035317492620190571e-01 2.595069281672551242e-01 2.820592352905667774e-02 1.707006921144048617e-01
2.402801548647876539e-01 -3.003511209997100639e-02 -9.102734692461304788e-02 8.408802153869181228e-02 4.249397850641227492e-02 -1.816914801233990850e-01 -3.108783294959878152e-01 1.795117229758778632e-01 3.981994451245431943e-01 -3.253093332525825582e-02
6.950508924653192588e-02 4.759193833536089491e-01 -1.103757250035177807e-02 -2.343261897762538848e-01 2.376911539108309268e-01 -3.481065798383099485e-01 -4.692203676873880555e-03 -3.535537606170845865e-02 2.475206718395461802e-01 -9.629852965213213378e-02
