-1.878369181441410726e-02 1.029885262630003545e-01 3.512747442350338534e-01 3.761112049984545180e-01 -1.911288655377396950e-01 5.219108031352742011e-02 -1.094870522538490126e-01 -1.050917579211959746e-01 4.936073640749603642e-01 -1.817459001724391898e-01
-2.785862013230713252e-01 4.092913732389739656e-01 1.163799324721871142e-01 -4.389229530370183374e-01 1.764370278918059587e-01 -1.965010920224342580e-03 8.048154907887561382e-02 -1.178212652102775121e-01 -2.623235536459938566e-01 4.620126918927756621e-01
3.560049714144484373e-02 2.898541694472028252e-01 2.703568491650031325e-01 -1.706109646714952521e-01 -9.060222868606868096e-02 1.807127041684774282e-01 4.040359080482910370e-01 -4.295893620260859969e-02 2.264816965487216616e-01 -2.824615482968588845e-02
5.476221218205425123e-02 4.376439095308150562e-01 2.080359807196287825e-01 3.084391887140833233e-01 1.659089172429287773e-01 -1.818769597871284505e-01 3.733110016499037176e-01 -6.930674621008366121e-02 -7.098623578415284852e-02 -1.967033566804379519e-01
8.833677030375187977e-02 -6.575020674101839102e-02 2.549125355940436988e-01 -3.275653737828074230e-01 -6.358087296028769320e-03 -1.874558197921944724e-01 -2.591934323387030253e-02 5.661808493154792954e-01 -1.537862879704812724e-01 9.629047409310453887e-02
-9.807296531075040957e-02 1.791657589051981192e-01 -1.728603810709353761e-01 4.768749620117659349e-01 1.874127496271319193e-01 1.718717910575067453e-01 -3.953781170508147702e-01 1.461441389150884562e-01 -1.869744583314859321e-01 -3.652363954192244244e-01
2.407999988175970885e-01 -6.384245423635076522e-02 3.231909619979418391e-01 -2.477583415331232330e-01 -2.259237803534945299e-01 2.735878152980665279e-01 -4.531480615878502594e-01 -2.117183482691401275e-01 -3.700558340316267153e-02 9.545220618120126010e-02
6.041703383720083143e-02 3.680771234925888091e-01 2.753009778623206616e-01 -8.036567467801623843e-02 3.921342246258270325e-01 -6.486409133118115067e-01 -1.465907251245780751e-01 -7.378720245702864722e-02 2.962892832565279799e-01 -1.434534872569171544e-03
-1.293257810770831462e-01 1.704671910780293786e-01 -1.795316867337081457e-01 -8.613692183348793663e-02 3.765767996913285121e-01 2.285746595137622683e-01 7.084069324404849988e-02 -2.100378899415882850e-01 -1.044676529996799441e-01 -4.592008145901238514e-01
3.425977110566338357e-01 -1.464970790598972561e-01 -4.149820263888976402e-01 1.339729777865154570e-01 2.343352153241421432e-01 -5.860168270138472746e-01 -1.752327344397608955e-01 1.847145510950102543e-01 -1.913457965001363892e-01 -8.021797379301796871e-02
