-3.371566405758876783e-01 -2.690990631698551572e-01 5.157776786657690682e-01 -1.328107114823065815e-01 -4.033611572686452984e-01 -4.265283650674532856e-01 3.195505071293525678e-01 4.674307002922559184e-01 -2.980030922473331581e-02 -5.315661309229304798e-01
4.663185447283802465e-01 7.475023411880797886e-01 2.740490055730204211e-01 1.497727012863545593e-01 -2.532217144577126877e-01 -4.094197810362399381e-01 -2.842937247217087182e-01 3.370646878743505104e-02 3.702720308829189344e-01 -3.767860345535047339e-01
-1.597065805266930094e-01 -4.166646179137426659e-02 -3.354217948040493225e-01 6.022303251491609721e-01 -2.535939164410119240e-01 -1.787961763078369792e-01 -1.113082897608988070e-01 2.394234852898493304e-01 -7.604036225105498259e-02 -3.137394550285581563e-01
4.325013184237233022e-01 -7.537847236678565932e-02 8.963227821880054291e-03 9.892973564345954041e-02 -2.532930138512917706e-01 -4.884713355741199248e-01 2.571436643088465535e-01 1.328051183569881055e-01 -1.169812585199712235e-02 -1.582231778241415532e-01
-2.929096261321945116e-01 2.056702160962317338e-01 4.161002958335978108e-01 -1.164495132792393584e-01 -3.441476961615074770e-01 -3.375797628322755872e-01 -2.017639024006244453e-02 -2.006424663378456597e-01 -2.537904802304790652e-01 4.022307566183044303e-01
2.216919239871832092e-01 2.020890203652562778e-01 -2.744876477458940353e-02 -5.206027174866213469e-01 -2.896304835474235451e-01 -1.744581509340992209e-02 1.362639330813025795e-01 4.535479011228243373e-01 -2.808975623265442811e-01 -2.589160207639886260e-02
-3.724651318742724371e-01 1.617506395947913567e-01 -2.215042434322479492e-01 -1.362729288859058918e-01 -4.002396767582686588e-01 3.343669788519067487e-01 -7.462813047594608618e-01 4.964796395284402086e-01 1.183987844252470389e-01 1.913901391177038058e-01
3.361444910186425217e-01 3.446646003857589680e-01 3.755106605216219640e-01 1.798991897938926332e-01 -2.264769428007691321e-01 1.728962681927069533e-01 5.779823598621106617e-01 -6.682080333071866995e-01 -1.227599012751513091e-01 -3.904324005007397957e-01
1.708469235426386072e-03 2.795080942400661184e-01 -5.693377396978062110e-01 1.065565249119799530e-02 -3.240199269168692053e-02 -2.812014678848688831e-01 1.363620078468009422e-01 3.301405738700631809e-01 -3.708772489489496893e-01 -7.519164645866734109e-02
1.092869555892677855e-02 1.709938860222888213e-01 -3.973940491965589628e-01 4.207822222980790727e-02 3.542575610583356682e-01 -3.880972894314277943e-01 4.211063509724339848e-01 -2.835804414034582832e-01 -9.756984480593057507e-02 9.008560953372672653e-02
