-3.432462810642770146e-01 1.959296018570857167e-01 2.387403212239345152e-01 -5.228823042173345037e-01 -5.734230296717086617e-01 6.777635469001970225e-01 3.280058571287679942e-02 -2.723790375208844927e-01 1.502009075740610433e-01 -6.720135937151915373e-01
7.549476614832156818e-01 -4.950370974177991656e-01 1.927615496587047339e-01 -1.906272912473826187e-01 1.012596486936671314e-01 -2.450997466714065764e-01 -1.436417125761238200e-01 4.781730214320505379e-01 -5.560413342025409822e-01 -2.366331435355162999e-04
3.492965983925273021e-01 -3.249984690260368514e-01 2.863168511360289319e-03 2.829663805543008448e-01 -1.116764384937879023e-01 4.839678578313990481e-02 -1.138196423708415644e-01 2.222634446213290760e-01 1.896683088358852021e-01 -1.428733765782959630e-01
2.730842713034677405e-01 -2.593574405967254415e-01 2.310334463823193463e-01 1.235296720783371494e-01 -1.065388616325470827e-01 5.656163941530423234e-01 -3.281651936185853713e-01 3.457404526068353912e-01 -2.592966696757254552e-01 1.103591272227769787e-01
-2.481190030419418990e-01 -4.595790155445155650e-02 -1.511971298264713492e-01 -1.858293648598267345e-01 2.386248860194547239e-01 -7.588035584958267854e-02 5.883105067632733443e-01 -4.164185653803575970e-01 1.219157711416205131e-01 2.872382515948365134e-01
-7.423280207756760563e-02 -7.179718950899006101e-03 -3.886235886802222317e-01 -2.827179506831934974e-01 2.198621879180369665e-01 5.505625684427475353e-01 2.210500788864105670e-01 3.389875433153749507e-01 5.529896686011039064e-02 -1.033887953696648876e-01
-2.021394366744004301e-01 -4.165749090858575920e-01 -4.531845830855243396e-01 -1.686806148549086226e-01 -1.989941680294973758e-01 -4.190387995348789918e-01 -4.294132208584001131e-01 3.636668654586535099e-01 5.316718432730946908e-01 2.553749519680505176e-02
-1.607169088411629088e-01 5.555166733706597831e-02 7.847746702284774667e-02 5.422329552267513009e-01 2.749580636829386249e-01 2.565134326873853565e-01 9.393050326909387071e-02 -3.401564491754449637e-01 -3.218546537153262888e-01 9.534699500866446187e-02
2.728699539853731704e-01 9.183923496874155101e-02 3.112355507986080405e-01 -3.529132742176100401e-01 2.884045931184134326e-01 1.768981622037302526e-01 1.663467588454676377e-02 1.601473130175131987e-01 1.583278486492229950e-02 -2.056550859139676946e-01
-1.200302690503098624e-01 3.341458052474426399e-01 -2.728819717604960560e-01 1.401440109009934216e-02 3.124641704690233612e-01 -2.834925618326259583e-02 -3.215051196484849938e-01 -2.851946568683051964e-01 -2.130031484149255139e-01 1.183821801326500195e-01
