-2.359893351504401271e-01 2.290415209657540585e-01 -3.762954519765185357e-01 8.889438057694409867e-01 7.906380492147635497e-02 -5.063341303624303569e-01 -4.137326650439495102e-01 2.806590693126785885e-01 -8.890432823561221498e-02 -3.193991477278692037e-01
3.505500677285204869e-01 -2.907943818059688934e-01 1.107807543065721712e+00 -1.604830419327810953e-01 1.780754752153523857e-01 -3.962971591491663559e-01 -4.059702062435575631e-01 -5.298382472065264748e-02 -3.737368587494521721e-01 -4.160520960593829254e-01
8.708703386760570375e-02 1.237007085611855906e-01 -6.465757740360529582e-02 -2.027060257406430310e-01 -2.990372330086082941e-01 -6.113525680535086826e-01 -5.941990663733441869e-01 7.755911620407069940e-01 4.606501849002154758e-01 4.226781039134705487e-01
-2.142658139907460402e-01 -7.092370629336500754e-01 -7.446737380213886981e-01 -4.518052553928206816e-01 2.370900543986079745e-01 1.202221566886431253e-01 2.035452872779537348e-01 -2.283910470575581386e-01 -1.116423838043307110e-01 6.641384746231294711e-01
-2.593888376047049152e-02 1.850776496582326180e-01 -2.238698754949944025e-01 -3.581735846345741048e-01 -3.464666261110339596e-01 3.149552038595609949e-01 6.013146849425383689e-01 5.203799983464688639e-01 -4.554202241638676818e-01 -5.066007251368214170e-01
4.540470699708563096e-01 -2.615061482930817749e-01 -2.592528179578514336e-01 5.005479454905723546e-01 2.549355647029974969e-01 -1.229521039039437463e-01 2.936657641919433737e-02 8.091887413106243487e-01 -3.637227724431063569e-01 6.573758437140800846e-03
-6.004380219637339700e-01 7.820274237393518568e-01 -1.091739392959804877e-01 -6.503698045668464545e-01 -8.187260174631338927e-04 -5.257044766556012716e-01 -6.788050029288514864e-01 -1.003903797107930651e-01 -2.206240559306482385e-01 3.454336245362548685e-01
-2.275432387263185141e-01 7.712989158916675470e-01 3.474141743700151497e-01 -7.026212318647695465e-02 2.819189028712187906e-01 7.250656183531799248e-02 9.697640433730006504e-02 -6.214651850893072593e-01 5.126132122477616848e-01 -3.881174502483673572e-01
-6.668726301616212382e-02 -1.866359854412308616e-01 2.010017791093800243e-01 3.354894831096931762e-01 -3.770321460387108248e-01 -2.169541618674562800e-02 1.520636480925610934e-01 1.080481767490029804e-01 2.320317759300087879e-01 1.446932591311250460e-01
5.650321497347855493e-01 8.105104436278472158e-02 1.386702255243376924e-01 -1.821639258116353466e-01 4.120460919101119890e-01 -6.618090944708171497e-01 8.044716137685787860e-01 -7.060217853307722002e-01 -1.776378196336157456e-01 -4.232707986597058492e-01
