-6.188579957796026126e-02 2.357305129427298418e-01 -3.420493217814622455e-01 -3.582236380997557701e-01 -2.122075988707443628e-01 5.611888834046558500e-02 -4.338463360962288018e-01 4.189965650735066882e-01 2.607430403647675310e-01 1.187743290814289310e-01
-3.364558703267955253e-01 -4.306641113396230680e-01 6.302521295575540528e-01 -2.843901221347510111e-01 -4.415855049790774478e-01 1.691585012050854098e-01 4.648654814828120235e-02 -3.294428506866320383e-01 3.976407606682446083e-01 -4.469167143047503843e-01
-7.493776009203864663e-02 1.399823950569358336e-02 3.626330372658843615e-01 -3.047005437251018578e-01 -6.058094849216848210e-02 -4.130992678182662109e-02 -2.372074970452676956e-01 -1.128493314207010094e-02 5.630105643806246896e-01 1.230220349973557142e-01
-3.408870728887537505e-01 -6.829258795039282182e-02 -5.183763111519031769e-02 -3.129605693715505066e-02 -3.419378363655733444e-01 2.846711148463552110e-01 7.865614028272086000e-02 -1.072972274250041935e-01 1.072998647030484892e-01 3.545749993816911250e-01
1.968027553781674377e-01 -4.109987903812875598e-01 -9.986717292763246101e-02 4.205728493653825839e-01 4.783322798907787554e-01 1.157354595029246452e-01 -3.418995541171985231e-01 -2.366842869016919926e-01 1.946395861429032342e-02 -1.156078526185140842e-01
1.918008035179470383e-01 -1.517527025130917806e-01 -1.114796232411956467e-01 -4.943336690840240966e-01 -1.332162026107995001e-01 2.913949685855799498e-01 -1.128970330508754782e-01 3.241465082903316475e-01 -2.217492176468814358e-01 -1.298839750784854322e-02
-2.456395986509846141e-01 -3.219720974037303951e-01 4.720565058175229534e-01 1.693559421377465457e-01 2.086163529443154641e-01 -1.329196612624126417e-01 -7.198691488077153533e-01 1.535020554063366016e-01 1.436238196090144081e-01 -3.327815498701239827e-01
3.812699064794227155e-01 3.477442161588178426e-01 -2.122269403887798722e-01 -9.214161980074284108e-02 -8.317218337712485587e-02 -5.574074442210303904e-01 2.700698366122174510e-01 -3.655158533820231925e-01 5.224063136085972670e-02 3.820453530028370404e-01
-1.566513635436082505e-02 -3.397314166389726608e-01 1.198894379510132974e-01 4.415272657620961799e-02 7.256957613200337720e-02 3.781825307311677542e-01 -1.541615892898745566e-01 3.500169352321758076e-02 5.768128765315883033e-02 -8.176914653390401216e-03
1.143183052708373060e-01 2.431226273257530157e-01 -3.110353389464523000e-01 4.526086283982765600e-03 2.184659165790961699e-01 -5.577859138235789077e-02 1.187837367413330236e-01 -1.962877236104607070e-01 2.695923238414022483e-01 -4.320260605490298944e-02
