2.992348087295311210e-01 -1.929600631533213151e-01 -3.654264801935709350e-01 -1.180639281637124310e-01 7.412179933424094605e-03 1.890308408317183109e-01 -4.236120070885957545e-01 -2.770844208459842806e-01 3.416710340891299658e-01 9.644104873202237194e-01
-1.830380743497398988e-01 9.623666386017565300e-02 6.663143226645951156e-01 5.053839444935108727e-01 1.199084760780214087e-01 -4.448264470097749723e-01 -1.981538263110742548e-01 -2.818812209768313815e-01 -2.844652888988458139e-01 -1.576284713270508508e-01
6.028790883695550606e-01 7.158796806286103764e-02 1.162696586501029417e-01 1.454395788120284860e-01 -5.466782844099418170e-01 3.457305045233718399e-01 3.273485434389246107e-01 -4.342941277289436020e-01 -6.923666174603002044e-02 -4.127631915010099850e-01
2.267783989530028632e-01 -3.650416306253733145e-01 -1.547861251015744399e-01 1.407603547386826748e-01 -1.119382654638226976e-01 7.203526637254953346e-01 -6.077449209706756728e-01 -5.083911762194126549e-01 1.129374997084916926e-01 -3.343482695611612598e-01
4.297067851291240248e-01 -4.581348347151611294e-02 -3.045256456157263147e-01 -2.402454746657657070e-01 4.629817638285401576e-03 -9.144787630391529309e-02 -2.818665651084377166e-01 3.462322488660493081e-01 2.314342948996951088e-01 -2.568376242369051488e-01
2.643818731972291669e-01 -1.852588568540111946e-01 1.411953448241466125e-01 -7.053376929871461032e-01 2.264271074007679907e-01 4.144006349074584872e-01 7.447333999248592629e-02 -2.311137024354398273e-01 -5.096885694217950791e-01 5.903196947864286503e-02
4.434321183200951033e-01 -4.801801066882496194e-01 4.233775624212408051e-01 -3.373283152410465613e-01 -6.617142669849943593e-01 -2.725562961161742681e-01 -4.402542701677255588e-01 7.483539059860716547e-02 2.400252932479179369e-01 2.156466579892741819e-01
-3.829660291610147982e-01 7.281180921440267850e-01 -4.934510197091170891e-01 4.688912337878655134e-01 4.049963918571418686e-01 -1.257988413366842584e-01 3.686562793985866948e-01 2.222521766733056292e-01 -1.557665087432868189e-01 -6.807866467437456715e-02
7.681009056400830981e-02 -5.120675919617000416e-01 2.476529080975511110e-01 1.285569705935568352e-01 1.778821539720030487e-01 2.779329573506691409e-01 -2.715325605633864825e-01 -7.866520619020028748e-02 3.333623461513137709e-01 -1.718989604775306712e-01
-3.437086153194587324e-01 -1.601034391167180382e-01 -3.324392061591123770e-01 2.167658886392436202e-01 -7.950187987910203868e-02 8.384848767405522763e-02 -9.821499745492472122e-02 4.694495261410154829e-01 -3.368075822846076095e-01 2.838063132609121020e-01
