-6.193271350114833845e-02 -2.905459533527504287e-02 3.262044027412043801e-01 -1.996489378833549155e-01 2.427058817716046812e-01 3.665283566780724867e-01 4.523988166114556453e-01 -3.895687726562893638e-01 2.588305375086046300e-01 4.274624050770832739e-01
-5.105617763305455581e-01 -3.065225783015822492e-01 -8.548080445945462902e-01 -3.472508564818564403e-01 -1.329993534019924262e-01 2.495639172655021443e-01 -4.504376386023560275e-01 4.979641751569582331e-01 -4.696993401775762661e-02 1.654180921567627305e-01
3.047169617724131419e-01 -7.233389558853494661e-01 -1.088921978215722786e-01 1.719249406034042416e-01 4.778479409708245029e-01 2.672746711070399933e-02 3.311655518656992925e-01 3.406362405785476333e-01 3.106907425898497999e-01 3.095580475919657015e-01
-2.730794535509166732e-01 2.552186777092226855e-01 -1.740902846218789213e-01 2.640679929603668152e-01 1.539542510940132836e-01 -2.945549424439670161e-01 -2.763099037839226724e-01 8.570381343078761760e-02 -4.818036329433079690e-01 -5.624696404359429136e-02
3.084828336197121823e-01 -9.888370498350920745e-02 1.785464188862346813e-01 -4.746231732646788992e-01 -4.309496244833280754e-01 -4.373003321821821582e-02 -2.442634273630189465e-02 -9.547811642217721162e-02 -4.584305190406540720e-01 -9.300539195458638886e-02
-6.349806172757743727e-01 5.386476642410557153e-02 4.807413392891120574e-01 2.948382737742583776e-02 -6.748814472334557779e-02 -3.085769487818258439e-01 -3.299761913703523897e-01 -2.131143534315443899e-01 1.967057083487997182e-01 -3.705818249525639207e-01
1.904984883192508693e-01 -1.007834488052688604e+00 3.925997937989382791e-01 3.096084193971425647e-01 9.129503639021234462e-02 -2.493175486396400353e-01 -3.920931360542363464e-01 5.810694806922239719e-02 -3.472537616950267525e-01 1.217588586757307328e-02
3.971584171202672264e-01 4.681801702129100851e-01 -5.417295444683011274e-01 -3.264103432208118605e-01 9.121745612463175168e-02 -1.078022906318205076e-01 -2.140348798650188178e-01 -5.244524563589650912e-01 -3.058791176704196424e-01 2.242673670730356006e-01
-3.104520978602033909e-01 -9.354692122709400148e-02 2.232338553303111761e-01 -4.184693611719855211e-01 -5.334695351722047035e-02 -2.297348141933941157e-01 -4.443553831826765332e-01 1.821995385306706405e-01 3.634406074708071976e-01 -4.359586459501680888e-01
3.960527107748862408e-01 3.229525422226381948e-01 -2.945138598398024388e-01 2.898187822453046278e-02 -1.306427014560709865e-01 -1.675080974633124664e-01 -5.692407039062265250e-02 -1.430061955456287115e-01 -4.603444620129258924e-01 2.159023982491771187e-01
