-4.768436623004336794e-01 -2.850754858750917942e-01 3.563993916589350275e-01 -3.354120622717239319e-01 2.848188633487303001e-01 -3.451371709583350711e-01 -3.320833478222565832e-02 2.583930555042751043e-01 3.124332574186718947e-01 -8.123127993841998407e-02
4.164864635251858127e-01 3.305938000436852708e-01 -2.240234168509339097e-01 -5.469566389025142250e-01 -4.332337875871077326e-01 -4.231405400853568977e-02 -3.668066977862146638e-01 2.158046494663968529e-01 -2.961450482742272738e-01 9.744659701738020430e-02
3.204847816815997175e-01 -3.290689422346136372e-01 2.885270589583200374e-01 1.880483446027341465e-01 -2.136147711234529512e-01 -4.262329690538454452e-01 -1.914589066848223498e-01 1.153236729519633297e-01 1.329505117899363598e-01 3.903601454798383830e-01
1.261201411748202328e-01 -6.710747000779639093e-02 1.882698541360702804e-01 -3.250401135462702706e-01 -6.205080365537687763e-03 -8.570618319444964772e-01 -1.670312433213510805e-01 6.064045594910656423e-01 -3.605498749492883070e-02 3.849038027453651617e-02
1.741171836914766624e-01 -3.270313196642948839e-01 -7.305274717322768341e-01 5.898636694658095925e-01 6.053068835164301942e-02 1.814808707503110241e-01 -3.621747552392858283e-01 3.126929264276481213e-01 -3.398252629805207370e-01 2.422228971650861318e-01
-2.428626772804003686e-01 9.804852901610251747e-02 -7.696804061555805043e-02 1.086693560583985307e-01 4.658463483413639167e-02 -1.924104867942750541e-01 5.654694515784249864e-01 6.895243191605143762e-01 -1.273188705725815106e-01 2.007664772900678157e-02
1.311903502208072170e-01 -4.207244857504907620e-01 -3.971992787367042421e-01 4.408777745101073037e-02 -4.942321477942510088e-01 5.492398672211360466e-01 -1.975243723038647148e-01 1.379038064666360253e-01 6.038270109822367442e-03 6.767927358554373107e-01
2.485677833399585757e-01 5.034722055124700724e-01 -4.377918411778446983e-01 -4.226967844103914906e-01 5.787708640829235529e-01 -4.949063615407736649e-01 2.063391106319867607e-01 -2.725255980903580899e-01 3.260159892120534919e-01 1.937756217158299321e-01
3.424468759837089871e-01 -4.290605085556403187e-01 -7.680246861992648388e-02 -5.051704107869701976e-02 -5.914043771249533760e-03 -1.916715082096454303e-01 3.472060550159715708e-01 4.404243403385082467e-01 -3.504611097382684948e-01 -2.995165289812582454e-01
2.646696259059592715e-01 1.068994684162292708e-01 -4.441017894763521490e-01 3.282844257161104395e-01 3.430215340679753644e-01 -4.494077233048375808e-01 2.540035816741465502e-01 2.905836578702535311e-01 1.060682603403233226e-01 4.495714903609977081e-02
