1.085234579647446768e-01 -2.070817270127210397e-01 -1.139671344060737973e-01 3.167519766107292356e-01 -2.082635655645421469e-01 -6.954419573556724909e-02 -8.120667888994155537e-02 1.365988714139319826e-01 5.339293617951174076e-01 1.381518053710738270e-01
-9.203314352609114068e-02 -1.909241949267188876e-01 -1.001467569228289833e-01 -5.307440279409443296e-01 5.119573002277572060e-01 -1.861927624086803512e-01 5.001927863256722118e-01 -1.521658361172643081e-01 -4.394923578704415523e-01 -1.998567026289346793e-01
1.047498471942073794e-01 -3.602613735402160899e-01 4.678576174688813261e-01 -2.778761536322947312e-01 1.734607762157736321e-01 1.161340147269581402e-01 1.651063177333260412e-01 9.132544904018568806e-04 1.008672034341963203e-01 1.621916286407928676e-01
1.038404721802474034e-01 -1.681417686141764289e-01 3.282926373596542491e-01 -1.945439733522132675e-01 6.095157144791159970e-02 -4.131646338581556610e-01 -3.212360954922036105e-01 -4.065855441564139583e-02 -3.620256282674074177e-01 6.309178525094254475e-01
1.758132311968803319e-01 1.537502956614781036e-01 4.507770797690325848e-01 1.856427931664673403e-01 -4.195861335910025525e-01 2.366961706353262196e-01 1.234973462130816574e-01 -1.499727551672959229e-02 -1.371899098916508908e-01 1.876663088627107678e-01
-4.072016426230965491e-01 -8.116262529057145791e-02 -3.269352476629316939e-01 3.561830406389688841e-01 -9.252223596411557338e-02 -2.844632516653831655e-01 -1.235473544747490576e-01 4.451311389830263088e-01 -3.627807193931589791e-01 3.075151253007324947e-01
2.985038471135414428e-01 -6.400413293260077685e-01 6.246078388123849079e-02 1.332479258346810636e-01 -1.766211771128846086e-01 4.570573088427316022e-01 4.102550723629339591e-01 1.763052542472500761e-01 7.124540528994724453e-02 -1.535226942316134380e-01
4.301478637783867076e-01 5.596386239233289706e-01 -3.853712815617872378e-01 -1.684858157311545090e-01 -3.838246052760971999e-02 -2.609717016458422689e-01 5.722542196091832123e-01 -4.894792549969419482e-01 3.159370183922498021e-01 -1.144566701113812132e-02
-1.633474630241478209e-01 -2.475240095165207599e-01 -9.351090616551245571e-02 -4.799132526035686241e-02 1.823609867366445259e-01 8.802772025553706747e-02 -2.271736765108830491e-01 1.081750137987388255e-01 -2.393367430107426475e-01 3.082006632636028476e-01
-4.263750427678829613e-01 2.167183122975203657e-01 -1.197564951074409426e-02 1.219196392526404743e-01 -3.391342552954111356e-01 2.509268110655103468e-01 2.803865080226116691e-01 -3.310752094656725930e-01 2.565890601192790665e-01 3.147792720624943974e-01
