-1.537202329860288263e-01 1.814924841164818614e-01 -4.176622179544208224e-01 1.064411887389330319e-01 -1.642246605653517599e-01 6.643176951657923934e-02 5.035809516499426541e-01 -1.220140921953095647e-01 1.095229009698454603e-01 -5.739021282466100216e-02
-2.433258683253479993e-01 2.979157666679559807e-02 2.817915472061703341e-01 -4.966010302198431980e-01 3.863955094482977026e-01 -3.005069812856425715e-01 -1.598057010756439578e-01 -6.105960484152050949e-02 2.579969831522430646e-01 1.653268315422007084e-01
2.593167193160359624e-02 4.356864557718152092e-02 -9.819456087974356984e-02 4.260176183098681735e-01 1.133012993937876911e-01 3.338369507108199241e-01 -1.243210775237655469e-01 -3.083235512805796996e-01 -1.204735480877451442e-01 3.130849982303564039e-01
9.146520365775982764e-02 -3.552110512741182280e-01 -4.246254096175831050e-01 -1.003337398239937707e-02 -2.545956140088319608e-01 3.214576599115172018e-01 -3.553083439454619019e-01 2.118863555238792995e-01 2.070277033586120641e-01 -4.861514871420637152e-02
4.183733770663676799e-01 -4.421910742183500775e-01 -5.715911707748970449e-02 3.655353261732573467e-01 -2.386325291228269529e-01 -4.314373806070461725e-01 7.967321412038969042e-02 1.156236678748895769e-01 3.506755649891933335e-01 -2.996339611652253376e-01
4.624929983273405598e-02 4.932843716238947684e-01 -4.037811722521443270e-01 -6.212112668320635134e-02 1.894271873829464188e-03 1.236060718409151271e-01 1.552253098242344642e-01 1.586193941138638597e-01 5.864790215483217661e-01 -1.858990672168779612e-01
8.182587563630469574e-02 3.902443384674023075e-01 -1.939882350284623524e-01 1.424460951747331949e-01 6.235953114012591225e-01 -5.513058710190507083e-01 3.921167461303065038e-01 -1.938407610571639683e-01 -2.291676700823652990e-01 -2.167469599841008454e-01
-4.029020843400367702e-01 4.332235686874362501e-02 2.241363411337217448e-01 1.202398623004282269e-01 -4.658429914193311094e-01 -3.607218847282214758e-01 1.588317875055762496e-01 8.355670697921642465e-02 -1.145922596698913110e-01 6.546602527007067129e-01
-4.644839877095451874e-01 8.839199332042363411e-02 8.718925484955220018e-02 9.060469239573322453e-02 -5.960971286961324472e-02 1.094110426765663308e-01 -6.978638747636663198e-02 1.391662597659216460e-01 4.412265045770006472e-02 -3.604715728160153843e-01
-3.256861208284094200e-01 3.775844083242723692e-01 2.173231873679645765e-01 2.496276855528194172e-01 -8.075079117831892583e-01 -4.015976293168492250e-01 7.628675708404079880e-02 2.290765440994274038e-01 2.590237916748709401e-01 2.342746097028615415e-02
