-4.085694170426235061e-02 6.842482752261009882e-01 -1.929903367094248923e-01 1.031777645363129436e-01 1.777120435358283124e-01 2.972228755444384918e-01 -6.305761316630633662e-01 -8.514208922997289208e-02 -3.437099109874707792e-01 -4.272897946287621540e-01
-1.565982338709418220e-01 -7.483051761413881398e-01 3.981493048725974759e-01 9.254300648209268232e-01 1.250882549008078271e-01 -6.366750766036248788e-01 3.659448577089916554e-01 2.239160146104502702e-01 -4.460684711442772787e-01 2.891335804607135240e-01
-4.384987021225211223e-01 -6.112113183501118874e-01 -1.775729995489193358e-01 -1.562820498429997318e-01 6.150961367682569181e-01 8.281120954570196924e-01 -4.418266008021526914e-01 1.567508967266946218e-01 -6.026306914026883232e-01 -2.604233290049391691e-03
-2.312190506001899626e-01 -1.149399374156216819e-01 4.509882902850702036e-01 -7.194571198877824925e-01 -2.646379195811510154e-01 -1.705975067439818027e-01 7.892250012222981059e-01 -3.713626776499311388e-01 6.100002553797367888e-02 -1.332781775595365814e-01
2.154432893601197774e-01 2.375975185213151930e-01 5.771818283187638704e-02 3.748770149165475130e-01 -8.983754050445664774e-01 3.551780791280386707e-01 -5.320287786046281608e-01 -1.248465303084511924e-01 2.919375891810849222e-01 7.444128149293897101e-01
-3.440396383721532891e-01 3.762857408407800919e-01 -2.354257292456616857e-01 1.244587974123129159e-01 2.025859258663109952e-01 -4.969832791016320361e-01 -3.869713948498990086e-02 -1.625073162161726203e-01 -4.601643356754826497e-01 6.045259495795692883e-01
-3.608486746033341963e-01 -6.943117143617726084e-02 -7.682079929575533206e-02 1.471222867970622405e-01 1.411323179291962271e-01 1.878400755921389720e-01 -6.370299917745988472e-01 9.247984670500056792e-01 -7.197004755492695431e-04 1.943308874026907218e-01
1.011737199103664581e-01 2.261280132587293601e-01 1.837245769224172265e-01 -4.076184951557103309e-02 -6.536183933809450730e-01 4.508380730972376127e-01 5.083489831176118967e-01 3.643895631286912795e-02 4.571856876789442414e-01 -8.132519428587902111e-01
-2.213506149029392800e-01 -4.665400804614297514e-01 -4.055032822533359838e-01 -1.249267072466270778e-01 3.242600504629170599e-01 -2.103649702083328354e-01 -1.836904642336116000e-01 -1.350180504266829395e-01 3.673826762980304528e-01 2.307817199286431031e-01
7.858856897364600858e-02 7.130490110451379038e-02 5.942083707524408766e-03 8.621956391970939104e-02 -4.753454582643816262e-01 3.550177596190231405e-02 6.765069127288639295e-02 -4.574735653285398884e-01 8.015888558621813154e-01 -4.604163637903277428e-02
