-1.996348436385086411e-01 -3.558444901640534508e-01 -2.160047138800021832e-02 -7.957829003866781492e-02 -3.995126062719049631e-02 3.298834039971253462e-01 4.764483468756615658e-01 -9.264912203341800490e-02 -4.772990255476339261e-01 -2.695414691745961489e-01
-1.843568733831100204e-01 2.264502163406050261e-01 1.913566650685161186e-01 -2.137453277801651397e-01 -1.785702876591031274e-01 -2.692050483298713548e-01 -2.367093836232760096e-01 1.323282348338434000e-01 7.089814733707954231e-01 5.832348951747625687e-01
-2.493635001119802463e-01 1.611056916953297960e-02 -1.306574426983038162e-01 2.926719122570819454e-01 -5.179862376494582810e-01 1.570349190829473662e-01 -1.439474100497903086e-01 4.190579575414661861e-01 8.279103887630243075e-02 -1.644128816707658425e-01
4.328109056366268026e-02 3.086460247301359150e-02 -2.851074929452262485e-01 -2.402468920499718497e-01 -3.777272912997232668e-01 5.178731408030073924e-01 -2.640959752042122410e-01 -1.224716382139476659e-02 -3.550761955907316691e-01 1.443863051151682286e-01
2.961217302358045145e-01 -3.204900447539636432e-01 -1.430042125832106381e-01 2.448069021332049122e-01 4.380269529391043193e-01 -2.955110188953797429e-02 -2.551328695761555521e-01 -2.050870200822729750e-01 -6.045474858508223526e-02 2.705360138030026840e-01
-3.101031293623780424e-02 -2.837746449025950191e-01 2.342252917477533891e-01 -4.797934224187280078e-02 2.395276831515640303e-01 3.062235693955160931e-01 1.362253629826051526e-01 8.860916142853798860e-02 2.464161442099503663e-01 2.443978235770780105e-01
-3.688886325804284771e-01 8.838736847461833857e-02 6.376321090308863238e-02 3.886197227382032771e-01 -1.809845852817107414e-01 -3.341328066191897039e-01 3.774598024207702629e-01 1.565463720950674709e-01 -1.055647014197954453e-01 1.329999457768677729e-01
6.665627063244864425e-01 2.502353406856343970e-02 -2.352086754903610910e-01 -4.868626655059930530e-01 -2.021261427846276493e-01 -1.143571807676338203e-01 1.241028031646347202e-01 1.541872182457350582e-01 1.753547945773916150e-01 1.496945736913651570e-01
-4.318614841767072499e-02 5.091912697499417079e-02 -2.484696004214159704e-01 5.196305888219395624e-02 1.591042520039297470e-01 3.134610028425259820e-01 -1.994230006844078251e-01 1.722986016875557025e-01 -2.500856231439686495e-01 3.632028335844714184e-02
5.263793111487086174e-01 2.784184959370928150e-02 1.624056179500854846e-01 -7.254022920713952549e-02 5.056199188104342629e-02 8.926757292717789685e-03 -2.147094506141511705e-01 -2.086592491569306818e-01 -5.360528729582447749e-02 2.385113392478693806e-01
