2.574050377822524327e-01 8.100302313645793562e-02 8.475429987709919288e-01 -3.376495941581693638e-01 8.547879719915718599e-02 1.952600802354886589e-01 2.344752092040104652e-01 -5.551904404397981496e-01 -2.381225255542446517e-01 1.029687935366204871e-01 1.519877284038808896e-01 -2.164757618779605541e-01 -3.981363640034371043e-01 -5.784645101474282791e-01 4.591344235828015430e-02 5.023532112952951989e-01 3.440858519742020019e-03 -2.013231914664590227e-01 -1.925760724596184692e-01 1.011047290758345096e-01
4.278275141473362742e-01 -2.294826234400947074e-01 1.380146720200033650e-01 -4.681235076182803101e-01 -5.382337128877662247e-01 4.225138047433046329e-01 3.582592005486056053e-01 3.623077982847363043e-01 -3.504527594017122771e-01 -3.729715116613531167e-01 1.988533983347181566e-01 4.179579836645881397e-01 -1.000611999856144269e-01 -2.349797936259785947e-01 -2.354299957185794837e-02 -9.974793219983364712e-02 1.895741739111724833e-01 -5.782233119856861059e-01 -1.332872330871110178e-01 -1.919944753706595009e-01
-1.624624883047681989e-01 -5.762647788764965195e-01 -1.104900217401944690e-01 2.725249660336150903e-01 -2.504053433597769884e-01 1.091364257084402774e-02 -8.324710503095139602e-01 1.652890285127318060e-01 4.349898786728155775e-01 6.789115881364641281e-01 1.044427261296814770e-02 7.716278371548239423e-02 4.755623197313679773e-01 -5.241176035686313517e-01 -8.402617782739045527e-02 2.440278653646072993e-01 -1.288650704093997068e-01 1.663410982418771222e-01 -4.900305984587907115e-01 -3.927210238048641222e-01
2.302610204792693016e-01 3.727823382843650779e-01 -1.164438095577906562e-01 1.852560710897522556e-01 6.155936786619130574e-01 -7.077233599211990578e-01 -2.096794065953740960e-01 1.711804657761313020e-01 2.877059667205253968e-01 5.413481206913552946e-01 -5.521149014554962431e-01 -1.262739548624516039e-01 -2.325531888137025438e-01 -4.573672311555415648e-02 -4.698130550940451400e-01 -3.147210888674907281e-01 3.240225002487308048e-01 6.875921492531174017e-01 -2.004995617996965518e-01 -3.678904240548143689e-01
3.237851062364500709e-01 -5.572654484792326501e-01 -5.615233289120094007e-01 -1.046872041378887896e-01 8.682329736750261928e-02 -1.533568406200780665e-01 4.808354531099268692e-01 2.764158955440987886e-01 -7.720463226576061710e-02 6.260302324752295422e-02 -3.363031140135341879e-01 -3.640733865306060024e-01 1.671956291937704009e-01 -9.895208935846049048e-02 -3.129698393256056255e-01 -1.457348455840582757e-01 3.623816492386265353e-01 -1.028648055193015359e-01 4.111446929193389721e-01 -1.899932072490056328e-02
2.580845487481959744e-01 -3.524178359706387487e-01 -7.567901491338226150e-02 1.951031040755902557e-01 4.640374485193662912e-01 -3.147612763117175333e-02 -4.458950586650486381e-01 -2.854091794503185731e-01 -4.652341457767518174e-01 -7.135203307776087633e-02 -4.613130623657114571e-01 -2.970831510822094512e-01 1.853598823550468566e-01 -4.619322559457342270e-01 -1.319516154757125470e-01 -3.373921363153351005e-01 -2.666051481971049575e-01 -2.338138785021036045e-02 -2.839072872949613968e-01 2.500233026355404009e-01
-1.495062661777447899e-01 -1.531231851659890508e-01 -1.171644461907549693e-02 6.920841689736292879e-02 -3.796192527541123463e-01 3.471401733357109554e-01 -3.822611177117359316e-01 -5.078832087378822857e-01 3.478661615942578722e-01 5.505867225544647248e-01 -2.447387423138057405e-02 3.781274526371883882e-01 1.960343968629333494e-02 -2.573102970380203997e-02 -4.207239573191240978e-01 -4.553193873918117557e-02 -4.476888242425532405e-01 -2.252265436159577895e-03 -4.155229885161686870e-02 -3.439769118692234673e-01
-4.000183567147507224e-01 -1.363634324389005059e-01 3.653161285416956505e-01 2.593096084319425065e-01 9.037991117678274844e-02 2.092571028138315303e-01 5.746790386030021791e-01 3.064354338663385358e-01 1.420911642263726904e-01 7.907712772358789499e-02 -2.929191531510600410e-01 -6.935936146154680904e-02 -2.952020826602869685e-01 -3.035562919079232147e-01 -1.565691008517468286e-01 -5.305263127861300360e-02 -2.987289797656291213e-01 5.149186099894031976e-01 -9.310736790983571431e-01 -9.439510801046003818e-01
-3.550426886415750105e-01 -2.501245849578024871e-01 -5.014023624908814369e-01 1.510076808115907165e-01 -3.678108415077452342e-01 -1.637811923694411712e-02 2.798228831652261328e-01 4.895143299458211139e-01 -1.830713394368575428e-02 -5.391537426459377391e-01 2.426255755697480365e-01 9.305419309160073427e-02 6.154926706552952265e-01 -3.697538925815209709e-01 -5.224786223016551073e-02 -3.149901296427645159e-01 3.053679785736180263e-01 7.666153884259781226e-02 -6.915118406800829787e-01 2.509604065030734965e-01
-2.661413402203840484e-01 -3.522394191933111429e-01 -3.922206176890650209e-01 1.016084269524850231e-01 -2.808478003681500260e-02 -3.528234263730072318e-01 -2.825879198916716462e-01 7.965161471496215451e-02 3.002114006253721601e-01 6.230396385884564570e-01 9.099501803293787161e-02 2.739354353080329374e-01 7.113455774428665279e-01 -5.756780332884896545e-01 -3.121824316921746334e-01 5.735920548478337100e-01 -5.236589400478159906e-01 3.086089182182080171e-01 3.768046186353909976e-02 -4.800703421989203634e-01
1.747545474832294388e-01 4.838553420516941150e-01 4.779117908808019899e-01 -6.081500714650293210e-02 2.327143149628773666e-01 1.903412397807718037e-01 -8.231641892265630783e-03 3.398629278941642240e-01 -1.253998698007892376e-01 -9.847750040173769426e-01 -3.093712771558007613e-01 -2.417389494632300739e-01 -5.888649479288880079e-02 -7.599038274933839210e-01 -1.971469293870297401e-01 5.310650828219448671e-02 3.391750882954702173e-01 5.132773083275757875e-01 2.938396215283636259e-01 5.710679830808021995e-01
-8.715468015416799608e-01 1.674953417794810828e-01 -1.361226054518732131e-01 -1.084738720435629578e-01 -3.786185367376531108e-01 6.743826987923238203e-01 4.083780996829573795e-02 -2.484013998434052850e-01 3.892343851420365097e-01 -1.842703519701002213e-01 4.397340281678052687e-01 -1.235842024489508806e-01 4.208410651459386087e-01 -4.212022820133277112e-01 -4.136691572703237174e-01 1.356261678453921371e-01 2.099053630428823203e-01 -4.490710314838474576e-02 7.658313366035650327e-02 2.363911607091802591e-01
