-4.838804469811038844e-01 -9.072421960258104587e-03 5.166116879052381483e-01 3.621539903078495604e-01 3.286989728547549117e-01 4.159755691648520659e-01 7.274343982787275786e-01 1.976575570123267345e-01 -3.938693422632050245e-01 1.122369985971100881e-01 -1.389864921334179326e-01 8.196712016933056788e-02 1.945972502009443716e-01 -2.458365211455767196e-01 -4.832214841590466992e-01 4.341503707038298077e-02 -1.014704685175797927e+00 -7.292292603241740112e-02 5.526594923783938879e-02 -6.999512672012069281e-01
3.680631782529454332e-01 -5.122634196453289546e-01 -4.876015121238053140e-01 -4.992007770905164676e-01 -8.877947511337619391e-02 2.854147389588407857e-01 1.219745800087687487e-01 2.522747685017674990e-01 8.524136961539166557e-02 1.066268416484618398e-01 -2.422529924433815263e-01 2.009940892508543450e-02 -1.978238421501485322e-01 -3.618295705702548326e-01 1.255311953060202768e-01 3.624949776327623385e-01 -3.488233860453922586e-01 -3.674612568844087268e-01 2.120366221822959918e-02 -2.719804550050660685e-01
-1.987059058978866977e-01 1.255000446247382107e-01 -4.116438402058061330e-01 3.999525946208323107e-02 2.830474649936884912e-01 -6.543239370311143034e-03 8.784755851278730487e-02 -3.110863447423820594e-01 -3.406389600483138991e-01 -2.790485429773760240e-01 7.357707035720000011e-02 9.372239390071240156e-03 2.859543819961625766e-01 -7.628108042292823521e-02 -3.819549763264640241e-01 -1.247272966010338768e-01 3.935056220902089508e-01 -8.878427205897697350e-02 -4.731504884261435451e-01 3.761635290021754230e-01
-3.557655763883654787e-01 -2.362983504582353289e-01 2.349859570625951188e-01 4.931449969853586301e-01 2.497247416557564492e-01 2.150840519492944469e-01 8.869445298218305018e-02 -3.609289575984045428e-01 -4.535073417769276416e-01 -1.760298366515017365e-01 -4.251358129765044347e-01 -3.583743932110792785e-01 -3.690122119314650506e-01 4.274004576951219159e-01 2.270121446377915964e-01 -1.393512022496189162e-01 1.168747486700930094e-02 4.555397551419879676e-01 -3.819359302833549297e-01 1.818056234499002555e-01
-1.889213275604961773e-01 3.227948581699394692e-01 -9.302061230714586682e-02 -1.112567092320335821e-01 -3.896897198222328169e-03 -2.304582560819090631e-01 -5.493553408977782659e-01 1.543607256640958103e-01 -4.278655146942796916e-01 -4.427984843579469421e-01 1.158460974950714928e-01 -5.300590473400255132e-01 5.401167773737620692e-01 9.306027125840916903e-02 5.607755794348601164e-01 1.013307454435643379e-02 -1.816781757228402502e-02 -2.632834300042312739e-02 6.259520579637041227e-01 -1.554472074123441731e-02
2.766433690531321377e-01 -1.218473569817148383e-01 8.113904369416836959e-02 3.150154536868015054e-01 1.522363210934578881e-01 -3.157200842693631132e-02 8.724501543266666159e-02 3.912057033466532774e-01 -1.831923936459435021e-01 -3.115030713022803877e-01 -5.483049450891198662e-01 -4.443961389473309320e-01 -4.607781093978494669e-01 -4.635529075227019513e-01 -1.426077566675536534e-01 -4.157729310697296232e-01 -2.191425885651018535e-01 1.565335310978776817e-01 8.231541947042235463e-02 -2.685990945353814441e-01
-6.538130040857267899e-02 -1.061622101863599621e-01 4.649138800500375313e-01 1.134120618054312024e-01 -7.864212826804588552e-01 4.319875110077233127e-01 2.150575065584974799e-01 -5.162750880052958263e-02 -7.238003070092143831e-01 7.610219617369176071e-01 7.831760494537648443e-02 -4.745430784784259726e-01 1.465496475556826994e-01 -1.589432851692843540e-01 -5.645110673003467250e-02 2.971547295511482445e-01 -5.227456412735463909e-01 2.709429211537057181e-01 4.954246233098789226e-02 -1.543608763183479671e-01
-4.101633267980783204e-01 -4.244217152192368281e-01 1.492288710292097031e-01 -3.361866855293511036e-01 -3.551241437964907655e-01 4.297637573020040569e-01 5.136854141677245078e-01 3.123450932496769743e-03 -2.394106229038362940e-02 4.743799111480925257e-01 -1.298619135296732729e-01 2.935713804221866674e-01 -1.567769579459739882e-01 -5.063821910452269703e-01 -2.654757484728168526e-01 3.230549132875488172e-01 -4.047737471014998811e-01 4.369559490761596998e-01 -4.921493000459763456e-01 -2.909240926850630293e-01
-3.149297744717347025e-01 3.233659365193729540e-01 1.990493130947972589e-01 2.569185609811976412e-01 4.926350257355539553e-01 -1.713830963780430539e-01 -1.397223144807077655e-01 -7.278348615974204738e-02 4.548346896347966184e-01 1.698273329844056934e-01 -3.837481839471572342e-02 -4.043973099097090684e-01 -2.150648890205982544e-01 -7.120059868325227803e-02 -1.246042549924514797e-01 -1.023038558523974434e-01 6.482666979255464756e-01 -1.871188597797420472e-01 -7.050226238167862924e-02 -4.382979375273435840e-01
-4.996157977562503127e-01 2.100294397373825284e-02 -1.914347199205488348e-01 -3.887266994119141783e-01 -1.367129285535291228e-01 -3.582075117846376111e-01 3.074919881810251332e-01 -4.060207551744649535e-01 -3.816485486920274117e-01 -2.969765572284144284e-01 3.146487122067944675e-01 3.891025016902147082e-01 3.421166898677798773e-01 -4.301200919693072278e-01 -2.859433237519510840e-01 2.132341207314367992e-01 -9.998766488877921729e-03 -4.632580460990404214e-01 -4.095218808285648326e-01 -7.559431128903056074e-02
3.979819367239494365e-01 1.037325771855385631e-01 -9.282397656816551712e-02 1.517852048728303149e-01 -2.368429167889585796e-01 1.024731927633595191e-01 -7.898071313225542289e-02 8.879851808808425506e-02 6.505711443690349871e-02 -9.157199366094929127e-01 5.088086435506130600e-01 -4.370799881628880668e-01 -2.298537853665867936e-01 -1.128383282921823078e-01 -1.540083647370457109e-01 2.016371158493819871e-01 5.815218054578844553e-01 4.268563875112396100e-01 -7.215470888756801982e-01 5.236087109195088907e-01
3.995405960855538119e-01 -3.658718185791882682e-01 -1.460130523952043180e-01 -2.678444565817758027e-01 -1.757702805393057122e-01 -1.371217275822858572e-01 -4.439065857210457433e-01 2.987160435027161887e-01 -3.909190090267454787e-01 3.463274854197944674e-01 -2.096671593125913058e-01 -4.567129842730096589e-01 5.624044930055588365e-02 -3.822055252142751991e-01 2.852910957326968977e-01 1.423909497742884833e-01 9.966126195442064073e-02 -3.757989201492052955e-01 -7.518760431895435414e-02 -1.043178105444577813e-01
