5.654264479535484056e-02 -9.168544294644000170e-02 1.539530447295264226e-01 4.313557065239825850e-01 1.371567528745340214e-01 2.230456849644640860e-02 1.800117676775893072e-01 -2.746351269199035494e-01 -1.044212877136108802e-02 -4.889310725102755106e-01 -7.816479621402682154e-01 -2.824873294122177692e-01 5.618817499834872775e-01 -6.616217564369206716e-01 -1.860309893637326906e-01 3.412110836255169977e-01 1.000712954542462979e-01 3.098511901670781832e-01 5.779091908086659846e-01 2.734104328087408331e-01
-5.195408393370627431e-01 -1.102941304615945826e-03 2.178427028725986869e-01 2.941193662160820552e-02 3.480246376008439002e-01 3.207715955825393150e-01 3.007746542812340107e-01 -9.193429209667108859e-02 -2.017154171583594377e-02 1.864708760721315584e-01 -2.086216727134744542e-01 -2.021107468182220812e-01 -4.441141756068865964e-01 -8.224131168154225069e-02 -2.063017475205467313e-02 -1.269865481628331128e-01 1.691177881958943197e-01 1.961190629421327991e-01 -2.059643121314533865e-01 -1.166247129015469897e+00
-2.779250281125285049e-01 1.199591798835083351e-01 4.523052953836997347e-01 -4.474755672477058743e-01 2.438863817760677788e-01 -2.695848091305614314e-01 1.651752680503566495e-01 6.730708104817505477e-01 -5.273933578416689638e-01 -6.223181561839168374e-01 -1.847783834522163660e-01 2.265102645334077930e-02 1.381193819775478615e-01 -3.819032056676010534e-01 3.144968054218607589e-01 -2.955805665336163623e-01 -1.086063302183068457e-01 6.415658839851005046e-01 -1.590309178382909305e-01 4.323488601216148308e-01
1.507168934533017479e-01 3.838037311235095728e-02 7.085346185280874676e-02 9.809396494978815662e-02 -2.023218659041524647e-01 7.921424836894716548e-02 -3.459651648307356941e-01 1.706199652325436078e-01 8.299343184253378525e-02 -5.294109469350721797e-01 7.489403876025509110e-02 1.083031693745706153e-01 4.805725891126365612e-01 8.613077893903851867e-02 4.178610804066447693e-01 -3.672463521726003211e-01 9.997946014048833541e-02 2.336457781823348123e-01 -3.190482691130671622e-01 -1.479640734772066091e-01
-2.080834170168123498e-02 3.866001734832545667e-02 1.192023658577385098e-01 2.284462150701255523e-01 7.789319656206630249e-01 3.553301268221825127e-01 -6.316799390261413905e-01 -1.280685663897244142e-01 7.914753326777318465e-02 5.505787352670031831e-01 2.501010901182403878e-01 -8.094255080203603958e-01 2.297648480375381608e-01 -1.729155240804322036e-01 1.486221753720495288e-02 -3.030439684443756998e-01 3.280530693371919715e-01 6.127822847268031559e-02 -9.942189869503918753e-02 -5.491893187661939235e-01
-8.018757206860613884e-01 -5.835686909648410414e-02 1.782660215130910109e-01 -1.672091723550689357e-01 -1.207079789735247821e-01 8.676496626980575999e-02 6.663018055699887476e-01 -7.358793219898308868e-02 -2.299397938735515678e-01 -2.292550460276979729e-01 -4.987829895726058616e-01 -2.183381473818308549e-01 1.488580988350221568e-01 2.728621267240929349e-01 -5.133139550855752020e-01 3.999427238035456189e-01 -2.455344636469518615e-01 1.432371061695477676e-01 5.388173705691551296e-01 4.188619551542632213e-01
1.904817828809491076e-01 -4.635767824271631032e-01 3.761899103757384011e-01 3.997778719697060723e-02 -3.330785235002061695e-01 2.936029032045350262e-01 9.672099988322727451e-03 -2.210439281024032532e-01 3.285769094303609555e-02 -4.821488753283952877e-01 -2.986622911186174664e-02 2.514093725622880138e-01 -2.961085471574959396e-02 -3.651259827363207422e-01 -2.751725210517053655e-01 2.813256473086046539e-01 -4.956497788360796908e-01 -5.339026370366785346e-02 -4.960799160804261199e-01 -7.986324309498653296e-02
3.904670853487194893e-01 -3.450576966583800420e-01 3.576877121343243204e-01 2.406916200453450005e-01 -4.843251844893408653e-01 2.077039398724978281e-01 -4.185060941366832155e-01 -4.408524555115451715e-01 -9.609074942428984245e-03 -2.430811136377245829e-01 -2.248944974467915192e-01 2.139742876198239552e-01 -3.489606645334262236e-01 2.700613214979109000e-01 -4.484450915816896345e-03 2.084404276255017452e-01 -1.445578787562477874e-01 1.180613994205018981e-02 1.206247312906811864e-01 -5.036015865390857105e-01
-5.065575496526533161e-01 -3.297768171146650551e-02 1.927165397785740864e-01 8.125931727209430300e-02 5.797312267788392592e-01 -4.559189543501299818e-02 7.140313128724289082e-02 1.543292955759485441e-01 -3.234192279410177395e-01 -1.496167115569201067e-01 1.483305064321146782e-01 -2.530617207204949870e-01 -3.614252870133282669e-01 4.806489481225829641e-01 3.102890343628116332e-01 -1.045060682709638977e-01 -7.294285637719535309e-01 1.052622341773787051e-01 5.235907117513082243e-01 -3.298175473707522509e-01
2.790479387247398954e-02 8.168815571537829667e-02 -1.265830321249698798e-01 1.762685548644578604e-01 2.543616094484843493e-01 -6.479867983006816490e-02 3.597776911708439052e-01 -1.587231851771837010e-01 -4.831010523940714729e-01 -7.357466019953072811e-01 4.481722872323853912e-01 -4.328231580854730032e-01 5.569723912423245604e-01 4.122430573974437129e-01 -2.852957646014983584e-01 2.737818576001054272e-01 1.153398472161087374e-01 -2.416453040075489944e-01 -3.729571733787774290e-01 -2.474995459346121182e-02
3.237850020932115935e-01 -9.398997967700708708e-03 4.078977208244943115e-02 -9.274703919830742382e-01 -1.465773165822619462e-01 -3.872430719493406837e-02 -2.292949498861697188e-01 4.722202440807602986e-01 -3.914625549413651151e-01 7.296848185505226680e-02 5.012691401039319761e-01 -4.521756875423216804e-01 -1.150643484540318645e-01 -3.737096156278766346e-01 2.098621643172386975e-01 4.336347621460828194e-01 1.433358023432405037e-01 2.603353086055310017e-02 2.432999234961811252e-01 -1.730638580492627476e-01
3.009469384907670353e-01 -1.321440402357269006e-01 -5.092851727037025489e-01 5.142662487416987949e-01 -1.219953078125910056e-01 2.846814116741301359e-01 1.727929060081868640e-01 -3.888889293009444859e-01 3.759468947707497732e-01 1.099782306240613267e-01 2.180781318351399378e-01 -1.275637096848420415e-01 5.476758033036196460e-01 7.003858929037404257e-02 -1.348065026928724763e-01 -7.711622349416721311e-01 -3.770473643921833373e-01 -3.963120392063555486e-01 -3.998341014966727558e-01 3.553607336308033937e-01
