1.883399076428252661e-01 2.788473909913874449e-01 1.489010386484400650e-01 -2.961708893546333154e-02 2.101905733175011282e-01 1.059749215477593376e-01 -2.958066781364440123e-01 3.793731412483503096e-02 3.613059972762776573e-01 -4.779898300409063383e-01 -2.134252383075802006e-01 4.134470236334186755e-02 6.717919626514579079e-03 -2.751521219729637924e-01 3.705684478248172375e-02 -2.079410060050496112e-01 -5.593068053160632491e-02 -4.115650115035522916e-01 -2.927833289950165785e-02 -2.487360103881300910e-01
1.640042972021292234e-01 -9.538067494449611883e-02 3.532246290562519181e-02 2.913399747695988862e-01 4.829296086794265114e-02 -1.429622486478984711e-01 9.384556416725467476e-02 -2.206362755011957028e-02 -2.777747354528721235e-01 -5.234990683193208039e-01 5.604769514132917907e-02 2.683583243696254783e-01 5.750809129320170326e-02 1.881782424143485788e-01 5.403959399104917294e-01 -5.447742696072378488e-01 -1.064383821547319336e-01 1.465718966597887307e-01 3.181382236942817965e-01 -2.938641239376867387e-01
1.511677693385744259e-01 -3.648732527831652361e-01 -2.164000690117251838e-02 4.043999621283212997e-01 6.235333710045566358e-01 -6.098611653489568463e-01 -5.300581894546148032e-01 4.000032383683291837e-01 9.651646723959898810e-02 7.476665617327739322e-02 -3.899670870728347283e-01 2.457346349216833759e-01 7.999925220245628771e-03 -1.285444076473969133e-01 2.702659424208174177e-01 -2.579226112832318507e-01 2.712311925562144177e-01 3.787172401132631733e-02 -4.771043780989133593e-02 -3.970481843181152271e-01
-8.185607336502276343e-02 9.967485273414755653e-02 1.702242034700273132e-01 1.471267536322464764e-01 2.285235359882259454e-01 1.366124672590771638e-01 -2.664171445074104971e-01 -3.485120274036345167e-01 -3.501568576163760493e-01 4.161740272602630908e-01 -3.658424095484084093e-01 9.354467537753319295e-02 -3.755537858597582934e-01 -3.854732965539782175e-01 -3.196415180072962325e-01 6.167860064428543065e-02 -2.816988798845957431e-01 -3.869143661761353936e-01 2.476015457386889773e-01 -4.582584646812476459e-01
-9.680541624197605555e-02 -4.339625831059341632e-01 3.289044879230445528e-01 -2.312676173435125881e-01 2.155578830169468940e-01 4.784328555252437831e-01 9.544842986262028206e-02 1.468843186639839649e-01 -4.037587276892952159e-01 -3.179133381857188190e-01 -3.591971538111247697e-01 4.677761086056365092e-01 -2.963811103178561890e-01 -3.234395142677715662e-01 4.414514419871936046e-01 4.067006397398358342e-01 -3.396794739379702111e-01 3.776785312639452385e-01 3.503667724029759234e-01 3.887702040517387186e-02
-2.771850103533645693e-01 -6.887125459647513992e-02 3.270189560544441432e-01 3.418035650502322664e-02 1.519270997202250284e-01 1.705946034110822629e-01 5.832916847279820960e-01 1.227016648780124564e-01 1.046653353626760680e-01 3.461874384619803013e-01 1.097984596007367530e-02 -4.065926532744399968e-01 -2.400356357936285490e-01 -1.959721153784216574e-01 -3.925820946249236609e-01 3.827400442220702526e-01 -7.005833428571313082e-01 -4.717238033852448886e-01 3.264660705492858916e-01 -3.889570152558502469e-02
5.951817691098195556e-02 -7.553698354447900554e-02 -2.014125281719223171e-01 1.230167674433225861e-01 -2.133520972695695239e-01 -2.749640010780445842e-01 2.838839927302980182e-01 2.945042301828071363e-01 -1.248784351047504682e-01 -8.922750119065915586e-02 -2.378480070179524522e-02 -5.618787930438779582e-02 3.196599304938892994e-01 -1.032770754371755140e-01 9.124556334693743886e-02 3.387787582827339605e-01 -3.915812935944818496e-01 -4.944276832638817010e-01 1.783772091855267139e-01 2.763723107940734836e-01
-3.304474215190731506e-02 -3.664593917599664463e-01 -2.869144692709796884e-01 -2.210424256970858203e-01 1.335380800911338262e-01 2.670403296014032257e-01 1.777816920705289905e-01 -3.602955881931044768e-01 -1.596970078739129439e-01 2.617144111912562132e-01 2.702610597024118419e-02 -4.970241681705558356e-01 3.624107047801456982e-01 1.384887880002957650e-01 6.147972802415851978e-02 7.558049871676911224e-02 3.259450989191504111e-01 -2.238981916071614842e-01 4.123704439576065250e-01 4.432871667573010654e-01
-1.072230934486869680e-01 4.044036779462668596e-01 3.218213528276279711e-01 -5.262285823923933403e-01 -4.436671293507097880e-01 3.404921180028079863e-01 1.128244234645522232e-01 -1.025367587175305129e-01 -1.962902919782130717e-01 -3.121430912797907853e-01 3.676847360139595677e-01 5.288664587022940955e-01 -4.769118424067229911e-02 -1.732480072611292110e-01 -2.348334601214959183e-01 2.745151486708626298e-01 3.555279355929458762e-01 -4.161730041006728165e-01 -2.765928680125781525e-01 3.744594200773019299e-01
6.223134901990613754e-02 2.604930433532102740e-01 -3.288420162463484564e-02 2.752414726583156113e-01 -6.584026000253427602e-02 -9.676342156098372005e-02 -5.723497673875287128e-02 -4.175875903851566928e-01 -9.923233953516198691e-02 -5.967642014808350881e-01 3.778647352488148092e-01 -4.707369099613190055e-01 7.881383182685425259e-02 -3.939925924273019464e-01 5.713291113982713609e-01 5.056401775457127629e-02 3.860373115181991305e-02 -1.295865366435609324e-02 4.098696149367121455e-01 5.881281639779319947e-01
1.853260793851013166e-01 4.025893256646027596e-01 1.438932953074930909e-01 6.907426434312674557e-02 8.035892005090871509e-05 1.373315170201699631e-01 9.876026142693966614e-02 4.473380247735249116e-01 -9.253865074998750273e-02 1.711150418040287974e-02 -4.366234164142126506e-01 -4.398805353146386654e-01 3.903085535216138657e-01 -4.809721156690326821e-02 1.115883329859847090e-01 -4.686707427157050798e-01 -4.251668107367566063e-01 4.920958770274679560e-03 -5.214661990009412662e-01 -4.255234081099606991e-01
1.132063322309017350e-01 -7.952692988250796569e-02 -8.813278153959588912e-02 -5.323279335194964768e-01 -2.292745558182024135e-01 -6.935278729938872122e-02 -8.074403661703503932e-02 2.677452476498301537e-01 1.601107321503951464e-02 -6.641118180634352219e-01 2.226683003005645589e-01 3.645455910964782720e-01 -1.843219189326101848e-01 2.405078907010995970e-01 3.203942744309757340e-01 1.002838886816511677e-01 1.112465887102902923e-01 4.245563453593703129e-01 -1.936211305287276196e-01 -1.518839883799570634e-01
