3.369164039571733715e-01 8.781720668344208947e-02 -2.140979381435882956e-01 1.412155370287258849e-01 1.398212045018531746e-01 3.437000746896068382e-01 4.107313153473503460e-04 9.938476652591762828e-02 -4.104633406557520181e-01 -7.104009154985508889e-01 1.559740919925542701e-01 -9.934152849131954177e-01 5.553897711678765781e-01 -3.999522112453479661e-01 1.555751589432334825e-01 2.658244233620627242e-02 4.006767628387907232e-01 2.316242013986678228e-01 2.126424254686597737e-01 2.902247801016944462e-01
2.362990398385344526e-01 3.751266219114097328e-02 2.860662008679353274e-01 1.493034215351967953e-01 -1.778565153807705745e-01 -4.548955014561953947e-01 1.952868269661077461e-01 4.280379768541211494e-01 3.144177259840748584e-01 3.438600142340543508e-02 1.407809052811186123e-01 -2.802717777196491178e-01 -3.902545604685869196e-01 -5.213834718036993721e-01 -4.653591312495525267e-02 -2.148461064319034663e-01 -4.997239112104743808e-01 -3.902471334365719691e-01 1.614114850735562379e-01 -1.279873388918002231e-01
4.447887367359847355e-01 -3.152157754482027840e-01 -6.041901209459713679e-02 -4.254682311047092158e-01 -1.854748464881581238e-01 -3.019265020520507936e-01 1.424439690037077599e-01 1.354237813137282309e-01 -4.390354796566953155e-01 -1.945038220724743527e-01 2.955198377249100838e-01 5.487956173115587227e-02 -1.501863506820858840e-01 5.577511252858361468e-01 4.525362382737002087e-01 4.289728828645597569e-01 3.416566820721329834e-02 -4.705433862328735062e-01 2.735144428790427518e-01 1.664643007335045721e-01
-4.263165468080925558e-01 4.038683019993091761e-01 3.837633071208193525e-02 -1.638455442391144323e-01 -2.561657744909624501e-01 -4.637646787238482449e-01 -9.418998931124036855e-02 6.965739342905451215e-02 2.149864639708523317e-01 1.309392079596428116e-01 2.172197989700969389e-01 -4.099927406192344082e-01 3.496557920605096181e-01 -3.623787631698089373e-01 -2.165190778617422096e-01 1.577568850636206776e-01 1.122033196810469508e-01 -4.457136680974295162e-01 7.793496416731465759e-02 8.949475492904201968e-02
7.484001706640381890e-01 1.731001390858496469e-01 -9.948845557988436616e-02 -3.406918067391063731e-01 2.357063554821528795e-01 1.383360443343392976e-01 -6.600954408227005521e-02 3.800728913534764941e-01 1.705593508768804278e-01 2.485390268523711699e-01 -5.212937468553561216e-01 -2.470847632097913221e-02 -4.588301687052204203e-01 -1.921319469876806019e-02 4.455647670510453628e-01 2.963809247322919949e-01 5.304187153365575585e-02 -2.878977069762071461e-01 -5.237706616766184542e-01 3.539582530174725239e-01
3.287675355739327204e-02 -1.890630301578286876e-01 -5.695818888301180660e-01 2.991021056584138721e-02 2.036754005442252980e-03 2.661386409948263143e-01 1.568665094473666866e-01 -3.784814485647129967e-01 4.097749950792590190e-01 9.499650786941751801e-02 -2.247727411357212102e-01 -1.951564555304880211e-01 -2.038280898607079950e-01 5.601703090539606605e-02 1.250357584409189926e-01 2.473621611801103404e-01 -1.638099858974261802e-01 -1.394408916862309722e-01 1.892892636307440535e-01 -3.802922028752107053e-01
-3.908011976508913854e-01 1.310465137022129856e-01 -6.137099530688567423e-02 2.210271122755478324e-01 5.769533855868581168e-03 2.497087398370729239e-01 -2.948310981544517428e-01 -1.582101429949147597e-01 -4.844814454698421757e-01 -2.542127340797619706e-01 7.835952534429819760e-01 -7.091219721109180973e-01 1.293186854990893142e-01 -9.582242219766658187e-02 3.482997323043762056e-02 -1.798369009706191624e-01 4.962283100594814811e-01 1.958516868793987176e-01 3.287773104380367628e-01 2.021022006651243819e-01
9.926728911017854151e-02 1.769058997403550049e-01 -3.233840934241289933e-01 -4.821647340002956916e-01 -1.154032707918652839e-01 -3.884773838673336588e-01 -1.128765539225479453e-01 1.520915343233443795e-01 -1.478342575461398800e-01 -1.099930017329047022e-01 -3.939468534346294293e-01 5.778974045402899412e-02 1.760357516093962738e-01 1.205889235328300862e-02 -3.635852328358615271e-01 3.400591435318014999e-01 -9.383462583008306268e-02 2.578709872794697766e-01 -3.096493782165116726e-01 -1.590609213561601509e-02
-3.439990975204366697e-01 3.451607616703850079e-01 -3.479382807634062713e-02 3.690576169597259981e-01 3.004205134282305067e-01 -1.047007988484287694e-01 5.693670034085387410e-01 -9.636347727682652298e-02 -1.492951265890211376e-01 2.496858783105863067e-01 -5.718499089698860782e-01 2.337860346540505604e-02 1.681524465213946329e-01 2.838252610950969118e-02 1.833576487098833030e-01 -2.401021901849714202e-01 -6.018105852768017572e-01 7.491650944254955868e-02 -2.917884545508682148e-01 -3.007412754482526873e-01
-2.681295537052686417e-01 -1.635189528168298490e-01 -2.038957630521454623e-01 2.360445584542977121e-02 2.351990503125284127e-01 -4.195616052176136535e-01 -2.471748222137332973e-01 -4.038209618775374099e-01 -8.143261845066741833e-02 -4.519502218777944336e-01 1.296740939712128782e-01 1.678115300781126973e-01 2.640265554254561109e-01 2.728175228772266592e-01 -1.115748572023441548e-01 2.356929851486962713e-01 -5.269601666914844884e-01 -1.716610229277119593e-01 7.356843929512060787e-02 -1.302983408833258416e-01
2.903705208199123255e-01 -1.219489826221123174e-01 -1.867255282862824162e-01 -3.202553301995694768e-01 4.268903328789486196e-02 -1.137991028769210350e-01 -7.157010786137308900e-01 2.075001369980999932e-01 -5.934896518809790189e-01 -7.111620279458320815e-02 4.305530095095021909e-02 1.374772891942635245e-01 -3.493870846839445821e-01 -4.976450622967394932e-01 3.753254208251948221e-01 8.459145137443077056e-01 2.558969657378518670e-01 7.163612876955095798e-02 -1.403140939661695341e-01 5.435128775634557874e-01
2.766579079818729525e-01 -1.480039243307083308e-01 -3.185279835311904343e-03 1.046861996620260804e-01 -7.506255344621899639e-02 2.689927848455059833e-01 -3.782178944739997273e-02 7.540155468934294225e-01 4.554877808333911426e-01 -6.404206164732441087e-01 4.866544526478547988e-02 9.927742540505328506e-02 -8.738990304888162308e-01 -2.867887976002729267e-01 4.351789446089424085e-01 -1.641311139313625100e-01 -1.527489873803581366e-01 -7.052020507516222614e-03 -4.853889609006728501e-01 2.170761027922498421e-01
