4.943163067892839990e+00
1.386471844712086749e+02
5.774634755849132262e+01
-8.232330739698204525e+01
8.862767870965149086e+01
3.452047646277077320e+01
-5.484369320070106824e+02
-2.623929116773982742e+02
2.546481372752820107e+02
4.606355178582978169e+02
3.222781577347404891e+01
-1.300793496361395682e+02
-2.207132861371676427e+02
7.897758482669178193e+01
-1.849766846974743544e+02
-2.449335094059898665e+01
1.417478130489543560e+02
-3.766182066498583936e+01
-9.045486906852295306e+01
-3.120110356277341452e+02
