1.188219581339558317e+01
5.141596109038823670e+01
-5.514191461221241752e+01
2.362740174899317935e+01
1.225203773913290206e+01
4.168494779720731458e+01
-5.107106795157866372e+02
-2.424786208682279494e+02
3.482100936194456153e+02
4.416593011955710608e+02
-1.850177399202664219e+01
-2.352432899888447082e+01
-1.343284979428721044e+02
1.434795813561487421e+01
-2.398445639591890313e+02
1.006378086423455898e+02
3.625141030367369694e+02
-1.264504775283043045e+02
-1.119153829735008117e+02
-1.006962022880766767e+02
