2.204389435759424032e+01
-1.169584964399848559e+02
2.672568434541409488e+01
-9.587606310743336735e+01
4.119636713781892468e+01
-1.396128066066739848e+02
-5.261542154120386385e+02
-2.200922423952366671e+02
1.823228274183918529e+01
6.066816623518971028e+02
-2.259533788354976309e+02
6.459215670131709430e+01
-2.442982960266186865e+02
-9.971576116706341963e+01
-1.189843521892748299e+02
-1.044256984532364640e+01
4.725946780259876050e+02
-2.689904934057567516e+02
1.117939760196242105e+01
-7.038937253076107936e+01
