5.894112034071252992e+01
1.156368996537547673e+02
5.721200709540795515e+01
-5.620817547552377391e+01
-7.404559628068085431e+01
5.646456155340047189e+00
-4.040734638657348796e+02
-2.496715342290565331e+02
2.766764223479299289e+02
4.014218293442352206e+02
-8.405025182584614640e+01
-1.111842985309325513e+02
-2.143865608007763512e+02
3.203753455823175500e+00
-1.069180725917985342e+02
-4.068433622765860491e+01
2.100739927503337867e+02
-1.206476174874626395e+01
-1.230767046674197331e+02
-1.869612984954419517e+02
