9.042401681046413842e+01
4.656660104331734829e+02
2.460651659320200224e+01
-4.908573487617320552e+02
-2.734446092013165526e+02
-1.500030105932171409e+02
-5.651321193276123722e+02
-2.015140354016571678e+01
2.456511906505838851e+02
1.061875004837077540e+03
-9.823869730695955695e+02
-3.006330159888923959e+02
1.632348914894886889e+02
2.255790976754886401e+02
-1.090629206640248185e+03
8.166085914638597387e+02
9.711494594208643321e+02
-5.650193539585511644e+02
2.323854314080708718e+02
-1.449690436756974918e+02
