-4.417750799482405455e+01
-1.396252328025923362e+01
3.656126405730867646e+01
-2.207635013155160095e+02
9.646026538271024720e+01
-1.537770403827895507e+02
-3.726071571007338434e+02
-1.328412680825761072e+02
1.210657768484791177e+02
4.459928893459896244e+02
-2.094173153934208358e+02
-1.104998041011212990e+02
-4.757579213614525315e+01
-2.834646607584761568e+01
-1.643069863316190435e+02
-3.625681946824511215e+01
4.576737918852163602e+02
-3.228239273819778532e+02
1.024770135204321946e+02
-1.347845852490434027e+02
