3.967751954743135911e+01
1.058643956797482133e+00
-5.023597171456742672e+01
2.510014736132973212e+00
-5.336533207932120604e+00
-8.284728435201509456e+01
-5.278807357978909067e+02
-3.044953617570132565e+02
1.046496876075109412e+02
4.955498378077099915e+02
-6.697173264828541051e+01
-1.316730976059454861e+02
3.712294439500686849e+01
1.007686179888372635e+01
-1.517411119374477835e+02
-2.920697325220686480e+01
4.050617521088859121e+02
-2.199143636614295474e+02
-5.684662575455081424e+01
-8.292610057770491494e+01
