-2.738737525533563257e+02
-1.312231993626084545e+02
-2.776145155217197953e+02
2.253317536438598268e+01
2.537523994413934361e+02
-3.809659322066347613e+02
-3.179517828093064509e+02
-1.879706657150561000e+02
3.163353115371137392e+00
1.450841727730305593e+03
-4.057864887881506775e+02
-8.732093810044204929e+01
2.153820596416646822e+02
-1.521145374032436166e+02
-6.025268864564311571e+02
1.501374548537950204e+02
9.248984912987848475e+02
-6.911843713975090395e+02
6.612790572899612584e+01
-7.572277754062514532e+01
