-2.798547880984887115e+01
6.100798213105417744e+01
-7.458913813603459175e+01
6.610427744971389075e+00
3.883815387462726676e+01
6.305142316322701390e+00
-5.104462334521176672e+02
-2.665422236827382676e+02
2.514138682452207831e+02
6.538739187892076643e+02
-2.614436620189303540e+01
-8.326406776257834963e+01
-5.019465675491005641e+00
-1.319102225596600420e+01
-2.945106880616949638e+02
-2.382874845952051146e+01
3.734852622243034830e+02
-3.396870477238001058e+02
-9.784927703058554016e+01
-2.197762021089966424e+02
