-4.028375151531986376e+01
1.153867473161216139e+01
1.363800429590435215e+01
4.186131133503295132e+00
-8.216672909810660030e+01
1.490245674786548307e+02
-5.675473061854534080e+02
-2.885279677370735953e+02
2.783301448223948000e+02
4.338168290808271195e+02
-8.794669977796195326e+01
-2.489539857868323338e+02
-1.867421596754110169e+02
3.244706325207300779e+01
-2.325179851229563610e+02
7.418963587804790905e+01
3.821845577112565024e+02
-2.127964168511597904e+02
-1.522909527926314013e+02
-2.047994983288148205e+02
